-0.6111624985933304
-12.453970380205647
-10.914619142704396
-0.1898812218569219
-2.976550794177456
-9.04367510395241
-1.9134095907211304
-0.5148323774337769
-3.207726949825883
-21.388175230793422
-16.907069705426693
-22.47795357440191
-7.193784554197919
-0.058178432285785675
-0.017483504372648895
-0.569541122764349
-0.13801204692572355
-5.6756066665111575
-1.104120487027103
-0.2872790568508208
-10.235179563809652
-4.790881633758545
-3.7130799293518066
-8.661115899682045
-5.415243403695058
-4.062046825885773
-8.544902307465236
-2.737197756767273
-5.1528631219116505
-4.531299138441682
-0.060452131441707024
-6.119160525733605
-5.2751982940826565
-0.020282670098822564
-7.8553879334940575
-4.889816150069237
-3.235180459683761
-3.9651964572258294
-10.198026858444791
-2.7867960919174948
-8.179387795738876
-9.064842350780964
-0.2921712712268345
-0.9187795519828796
-11.340330679551698
-4.997566055506468
-5.772965837270021
-13.557342320185853
-5.32114238810027
-2.6455820794362808
-9.412506262306124
-33.08841281133812
-7.672928912565112
-2.4978732923045754
-3.598530284827575
-0.9357966491952538
-6.289669866528129
-0.26522740023210645
-1.6585288946516812
-9.65856864163652
-3.5338288974016905
-9.077156060375273
-5.831739861648202
-0.12937900598262786
-1.439884294028161
-10.845200386131182
-7.319383406313136
-14.531991578638554
-3.268161686777603
-10.344127632819436
-6.285569604195189
-1.5775806526653469
-4.554348468780518
-7.434046378475614
-0.12338296542293392
-0.9703997759206686
-1.4204842871076835
-2.121108046732843
-4.173058190383017
-4.743117740552407
-11.379902262240648
-7.959037275053561
-1.0656348516931757
-12.056352283572778
-21.942682672291994
-8.754554492392344
-8.659193773419247
-0.6449243652168661
-1.537594006600557
-11.638925102961366
-4.519031840376556
-2.101142997853458
-7.023172627435997
-8.019841501489282
-2.8112935833632946
-4.598920464515686
-3.93432955253229
-6.377162345830584
-12.865291608730331
-3.0091485631419346
-1.2487547766359057
-23.27940430981107
-12.582338034873828
-0.16724676109151915
-6.350378535687923
-3.4975318943616003
-9.758749541520956
-11.686616866616532
-6.173218919662759
-8.31348707905272
-5.662144645815715
-0.0370414326152968
-3.570114050700795
-12.910798455111944
-2.1594334789551795
-18.270815517753363
-1.7231525092647644
-4.564895812422037
-3.6882087076664902
-4.061450414519641
-7.718156261835247
-3.5748368483036757
-25.827716898114886
-0.7528525100915431
-16.380949803628027
-2.730957731604576
-6.414044991872288
-3.354014576794725
-0.08008360164240003
-6.808313348607044
-0.47168371081352234
-8.590831479697954
-10.565243089571595
-2.8343203695258126
-2.306827208958566
-18.893807170446962
-4.398920381368953
-6.472514552006032
-0.09144826931878924
-0.030289256828837097
-12.544836054679763
-10.055970907211304
-0.8782247343428935
-20.716562625020742
-9.086833800887689
-10.422053867252544
-1.0576818129993626
-1.172229031304596
-7.366405464417767
-6.305102722752963
-5.151897165458649
-4.42825823824387
-17.26156124699628
-22.201056466437876
-3.8964862169887056
-0.17680386651409208
-1.0153605060477275
-0.3527628046576865
-0.4690186138905119
-4.449612271972001
-1.528466247022152
-3.010669040828361
-1.7226300767106295
-7.750963596161455
-0.6839011361480516
-1.1860829442739487
-11.236936818706454
-25.72349653398851
-9.418961409945041
-1.6625320880120853
-9.057867776951753
-7.849222137127072
-0.5109989535994828
-3.5740375831883284
-2.1040869057178497
-4.13970613386482
-3.7567843943834305
-3.866894867271185
-7.909202508133603
-4.441775105253328
-4.705046117305756
-5.921812964603305
-8.061320018547121
-2.661273419857025
-2.1574756456684554
-2.961592148989439
-0.9231393914669752
-2.7095994167029858
-5.9870233332621865
-4.415502346120775
-8.119394589186413
-5.384366693440825
-16.296385611436563
-11.864619446452707
-4.240022738464177
-3.424183710478246
-0.5658503224985907
-8.374145228299312
-3.4195440587354824
-2.4465654658852145
-0.99445680831559
-2.9641531781198864
-0.08325831778347492
-6.741083173081279
-12.937473621219397
-0.6114081391278887
-2.880211886949837
-0.3107316869782153
-1.9052152913063765
-4.735800309428669
-1.1133786926511675
-4.8867306596912385
-8.297729540150613
-1.7614986484404653
-3.4399203918874264
-7.8262982305604964
-17.38339317496866
-0.6111624874174595
-3.130328398423444
-2.6393935501837404
-6.353491950780153
-0.16995927022071555
-0.08920079172821715
-4.345478514595015
-0.22229647729545832
-19.741282209870405
-0.7112275063991547
-15.276609795255354
-4.875154089182615
-1.4272220452257898
-7.267533564008772
-0.22675629126024432
-0.40472353668883443
-1.8612780406838283
-2.2001272151464946
-3.1637175921350718
-10.38974940776825
-13.468164579753648
-0.5913068987429142
-1.0397492107003927
-11.63235036853439
-5.2783235046081245
-4.158268703147769
-1.6726090908050537
-12.052015702793142
-1.2423682510852814
-3.9887163143139333
-1.6124604925280437
-2.9616003389455727
-4.894237486649217
-8.865775772756024
-0.18865841909428127
-11.99210306549503
-4.248777151107788
-1.3392353038070723
-0.4561678229365498
-3.2238166040042415
-1.2512654513811867
-5.0828385939337295
-0.15949804042247706
-3.4268994037993252
-2.864195629954338
-6.816530674695969
-4.674090385437012
-4.558718912419863
-2.8626420963555574
-0.8118360360167571
-8.218136021518148
-0.9713043570518494
-1.7615185976028442
-2.0433647632598877
-2.4277000427246094
-2.061335392878391
-6.416060368646868
-2.381861925125122
-2.0539093017578125
-3.509100828319788
-5.517102284356952
-4.717536334763281
-4.07466269278666
-3.4015105962753296
-0.7153255857992917
-0.9451724960199499
-11.861298910807818
-2.9432375598698854
-0.31424593925476074
-3.190860932401847
-7.316746371565387
-0.42616070923395455
-1.648905634880066
-1.1860827058553696
-4.59814963338431
-5.724981133345864
-3.1567908411379904
-9.600316533760633
-3.2753713007550687
-3.0919135131989606
-0.21639025774265974
-2.189512362558162
-4.693026314035706
-1.1982805728912354
-5.762869858182967
-4.628389523597434
-4.446121627173852
-17.800826362576117
-9.301420197472908
-3.9807513016698977
-7.811330804368481
-0.41024805372580886
-0.15472243423573673
-5.522537029348314
-4.005501000588993
-0.07217756565660238
-7.703701092654228
-3.897060070419684
-0.3204579730518162
-23.23928907372465
-10.538592354627326
-2.6851521237877023
-3.890064427629113
-13.799292966235953
-6.580706764012575
-0.9038548385724425
-4.804773807525635
-7.481087700463831
-0.726136714220047
-0.5853938460350037
-6.241964001506858
-6.93043755623512
-4.076206939178519
-6.367825400317088
-1.97870002547279
-9.720750378182856
-1.0301681888231542
-6.496762608046993
-2.7164714738028124
-0.33708980583469383
-5.355117627885193
-2.2162634236738086
-1.2035365169867873
-11.207910935539985
-19.938454507500865
-2.784134268760681
-12.074547469615936
-0.7861465578898787
-2.7537509575486183
-0.06270819294149987
-0.1914570402004756
-0.31316615589457797
-10.881443328980822
-1.1860829442739487
-34.51616861212824
-3.5119308949215338
-10.032782828435302
-5.104951657354832
-0.5895492962517892
-0.8645531153306365
-4.687567448243499
-7.758473206311464
-7.968374285846949
-2.5843130580033176
-10.609962776463362
-15.382024688035017
-30.048338667125762
-8.42643080932612
-0.670273358002305
-2.6112687718123198
-12.611987562617287
-2.618650501128286
-8.789933026302606
-0.6802504866936943
-6.030595585951232
-33.5657568112365
-4.558892626548186
-16.499974643811584
-11.233600139152259
-7.547916688024998
-13.842461774591357
-8.763767132768407
-25.154882703121984
-5.824466919992119
-8.347088735754369
-3.9665190447994974
-4.427408210351132
-8.668466191506013
-5.03831497093779
-11.052629542420618
-12.012956586491782
-3.057415730319917
-4.131017230043653
-5.609948414215978
-1.9624821616453119
-12.043853245240825
-12.549128414102597
-3.0697515718638897
-2.480109142838046
-5.747223931830376
-3.4628361665527336
-2.582196162780747
-14.485861454159021
-6.663938558893278
-2.152734912931919
-2.758686447981745
-19.226943548070267
-2.9575093276798725
-0.20467623350850772
-0.17268886289093643
-13.472723638406023
-12.01694664475508
-5.402007102966309
-5.831331217545085
-4.358900674618781
-22.62172698136419
-4.150534771382809
-2.5116055207909085
-2.914821440310334
-1.111120163463056
-7.271922681480646
-10.01563982386142
-5.617922535166144
-3.1203981196304085
-0.6248438091352
-0.15125130489468575
-5.623484279611148
-2.1754662623861805
-7.770895001915051
-5.908441064850194
-0.05281560681760311
-2.406813381705433
-6.0448956014588475
-3.3897600943455473
-6.353585418255534
-0.6152843520976603
-0.643560394179076
-1.8328224122524261
-0.9566527245333418
-0.05947458207810996
-0.08479501272995549
-2.5104583122301847
-2.097158357675653
-0.031638581855077064
-3.607479151964071
-0.5704017080133781
-12.05046876083361
-1.0789124153670855
-5.407685672036678
-3.5306642092764378
-1.0607301567215472
-6.994075788621558
-2.8799324170686305
-9.322964170831256
-1.3061373307136819
-0.6958308266475797
-10.66714706007042
-1.074912288284395
-3.199267547141062
-1.6276006804546341
-2.5088332630693913
-5.205473154783249
-10.915279782144353
-8.866347714676522
-0.6418737550629885
-2.5751124644011725
-1.8763253688812256
-8.67314196418738
-6.248525808099657
-1.5399730205535889
-0.11195811629295349
-1.6657737838249886
-0.9208170325146057
-6.890551291027805
-0.21941320726182312
-5.52959263525554
-11.793673181535269
-5.947535016621714
-11.63950971327722
-9.555247016735393
-2.603730247821659
-0.1721931044012308
-1.4005591765744612
-0.11216083721228642
-4.162973403930664
-4.876051962375641
-5.0496413398650475
-9.475718365982175
-22.665732283872785
-10.124237207026454
-7.528268721085624
-7.1867522496431775
-12.29301049024798
-26.930499607991806
-2.89544939994812
-3.150782823562622
-2.6745124757289886
-0.10171788942534477
-7.585295436671004
-8.30356824415503
-0.08781794336391613
-3.95584105674061
-1.3777517974376678
-0.055924081651028246
-2.643235020339489
-1.9457818848313764
-2.731807150034001
-2.6930982308404054
-2.0677341744303703
-1.6800788442487828
-15.183945841956302
-2.807943441610405
-7.300142859909101
-20.47427196512581
-2.18196113279555
-4.519290949683636
-7.774938409529568
-0.2800911524100229
-5.660293562337756
-3.9322958891279995
-1.989708702894859
-2.657393255038187
-0.5736359356087632
-17.413464594632387
-14.925445789713194
-5.724958453327417
-7.348564778048967
-10.2147712413298
-4.811366952751996
-14.431825063977158
-2.376917944755405
-6.980626078904606
-2.45268227532506
-1.6629251390695572
-8.404789047004442
-5.933243733190466
-3.3169150035246275
-15.342938501669778
-2.2214595605182694
-8.652579310059082
-3.7227685526013374
-2.638614964671433
-3.9194452986121178
-8.886225542028114
-4.901743011083454
-6.683942906344782
-3.3644955887266406
-3.2630576851661317
-3.4421641329536214
-2.090898082613421
-10.155242422857555
-11.555025099834893
-4.154659528847333
-3.83145266964857
-6.872452393930871
-0.37504951035953127
-4.293392076764576
-2.7993924617767334
-6.133921615911277
-4.155468590237433
-24.130406492862676
-16.010807682014274
-8.012974015688087
-12.965740915387869
-2.3941372885310557
-16.29445055555516
-3.7749894176376984
-2.7526262803858117
-6.833048909262288
-2.9838738937341986
-15.948461639700326
-0.7198801636695862
-3.3611428663134575
-0.15051125083118677
-24.342653904866893
-2.0377043235348538
-1.0164096616208553
-9.767790827565477
-4.460639968150645
-4.80241279117763
-0.10838690586388111
-0.7047785794129595
-2.133587121963501
-4.373687188141048
-11.943594822660089
-4.832621491630562
-1.3352383921155706
-0.09776147908723942
-0.3815143627580255
-1.0038697719573975
-0.8552651256322861
-3.150878382846713
-0.11687851625902113
-14.301051870570518
-0.5800737105309963
-9.108607389338431
-21.404492629590095
-8.782149064471014
-0.27333324280334637
-28.300157006364316
-17.842622047290206
-2.682950310409069
-11.978872109699296
-2.606516480445862
-5.544742060767021
-0.4194644698873162
-10.571878045797348
-19.214259017258883
-2.6042454244670807
-1.3272938757145312
-23.69402108876966
-4.22448299539974
-3.629011881595943
-4.564883373677731
-0.05022251580521697
-35.57757800348918
-1.4464602876105346
-3.3902805832767626
-5.493944187648594
-6.23619519721251
-2.241804231889546
-1.5414815414696932
-0.5808959407731891
-0.5979069842433091
-16.999239964643493
-1.4643155708909035
-11.973196660517715
-7.744903899729252
-10.989429128356278
-19.05444509723202
-0.3030972005799413
-10.647346632380504
-1.8304036939807702
-0.22674382664263248
-0.38505594804883003
-3.2377572405275714
-0.08174952660192503
-7.44609422882786
-26.097442365171446
-0.2067809119762387
-6.839487763878424
-9.292160970391706
-1.5521303649293259
-10.864465681836009
-5.329688181402162
-0.17252443252073135
-1.961967904237099
-6.169705308035191
-0.5868672024040507
-0.7453718185424805
-0.04701732471585274
-1.923291003331542
-7.400593985919841
-2.969660341157578
-1.644360310943739
-5.147820242389571
-0.4248971128836274
-0.14179058000445366
-17.96816540916916
-5.788696754749708
-20.97938048720971
-10.773463684919989
-4.825100000016391
-4.809851088357391
-0.6333544802182587
-3.5834652656776598
-10.9486243724823
-3.4554105059141875
-4.73381802856602
-5.288346860092133
-2.34953732957365
-5.456636561182677
-2.773292452795431
-7.411532479804009
-9.35724901460344
-13.63856541737914
-23.245907851262018
-1.9282250870601274
-0.49508170783519745
-4.162483133783098
-3.604923221311765
-5.826262381262495
-5.491544809126935
-1.1238965637166984
-3.562154211103916
-2.4388306625187397
-2.4702956676483154
-2.1864376068115234
-1.713015079498291
-23.02032590930139
-2.45361766134738
-22.37863955208377
-0.2681281268596649
-0.4493755102157593
-14.758885611026926
-11.4660508336965
-1.2659744024276733
-3.253161928616464
-2.8832051700519514
-12.084836397212712
-1.6602410078048706
-3.60900768218562
-7.645426698494703
-0.15938173564791214
-5.563843826006632
-14.886985549062956
-5.105315312743187
-7.093865633010864
-6.216896653175354
-5.206473882702994
-6.407973490480799
-0.2673425548709929
-0.255266010761261
-7.464269947231514
-2.239600228745985
-0.11216695061011706
-6.3167960648133885
-1.5071822358295321
-22.552838397750747
-33.83873041604602
-4.262469698027417
-4.452039800584316
-1.845698595046997
-12.01570477988571
-11.496075066213962
-18.511569257298106
-8.662680008183088
-1.3118722438812256
-9.757008374101133
-8.20815401757136
-1.6611711488785659
-4.675798477604985
-9.020767999694726
-14.857338573143352
-3.23282228410244
-9.474635496284463
-1.4466689703986049
-0.14669294469058514
-9.765074372291565
-8.340226192260161
-4.653131234226748
-3.573005845242733
-10.953979058842378
-11.702804460306652
-3.6941286884248257
-10.94074289361015
-1.6353673380799592
-1.4465923011302948
-0.6088769268244505
-11.799640974524664
-2.045212839031592
-1.6935213119722903
-2.8287340954411775
-5.018292075954378
-0.4573252717964351
-9.175317473593168
-2.739424914121628
-0.1273556832184113
-0.2511191109661013
-3.97233384847641
-4.134865940082818
-10.309043804227258
-5.774211606942117
-4.820270076394081
-8.171285700052977
-2.0257968646474183
-6.471133119426668
-9.749243437778205
-3.9120557135902345
-0.2592406084877439
-5.090558372437954
-8.14167612977326
-7.333370229811408
-2.0695208311080933
-5.770643799594836
-18.85273360566498
-6.15967796149198
-0.035345987271284685
-10.770382496586535
-2.4752670822199434
-3.002456486225128
-1.310239315032959
-24.76271518896101
-2.766107678413391
-4.918116095765981
-6.303250142955221
-1.2841430008411407
-6.822192922292743
-4.552463418483967
-4.99738210439682
-4.183963596820831
-0.8952951915562153
-5.412477551260963
-0.4819520706369076
-10.646095580013935
-12.645236344542354
-0.07790859680108042
-9.441800770684495
-0.09516587015241385
-3.227373007670394
-0.10813072434393689
-2.977040395140648
-3.691055228933692
-5.786221748916432
-0.0988995946245268
-0.6111627742648125
-4.780020147343748
-12.036980893753935
-12.766862050397322
-7.973472229205072
-1.6987770277046366
-4.956070059644844
-6.812548920977861
-0.611162543296814
-1.055889332190418
-4.611343761323951
-1.6546303849900141
-9.362532678176649
-0.4871696735935984
-0.673880106278375
-3.529593816958368
-7.984992936253548
-2.776425048476085
-4.362890155693094
-3.6862766668200493
-7.582559642614797
-5.9181442856788635
-8.890761015121825
-0.6111624985933304
-8.447322560779867
-7.150359239167301
-0.13286464754492044
-0.11780839957646094
-1.6809544903226197
-0.5374200343212578
-2.5103592917912465
-2.6066193137085065
-4.354109794832766
-1.0337819922715425
-1.3635155269876122
-24.363279995399353
-7.883024125432712
-9.247982925910037
-0.8004676523851231
-0.09643773268908262
-0.11202007997781038
-0.5283066409901949
-0.13874860922805965
-12.076498706039274
-25.581360957352445
-0.01642856001853943
-1.361031257896684
-1.3552538454532623
-0.18173510153428651
-2.1768945083022118
-1.5938519220799208
-2.891314670443535
-0.8781439661979675
-7.2663508132100105
-4.688116125762463
-5.859669043216854
-31.930289049865678
-1.905699610710144
-2.9248665437844465
-0.15682668586669024
-16.766212212503888
-7.179504174280737
-8.921052525285631
-10.546026820782572
-0.5788697153329849
-2.355618198416778
-10.122645331372041
-1.9792155902832747
-4.847297438071109
-10.197751443938614
-4.818493861705065
-0.8095312202349305
-4.446144238114357
-4.103024482727051
-3.4296552687883377
-0.3532333916518837
-2.7828603470698
-1.903853296302259
-17.830179091550235
-6.72037085093325
-13.272649480320979
-4.9160204119980335
-9.645474908058532
-1.3355658040381968
-8.111558801610954
-11.09203749021981
-7.361468878109008
-13.299834276662295
-4.593150598928332
-5.13415053486824
-4.363269254565239
-8.167824945412576
-8.379106000065804
-21.28206180743291
-4.9962696633301675
-17.280504196820402
-0.45520027043676237
-2.403578519821167
-13.83009568756097
-31.642600828634386
-7.976465679355897
-4.902824116608826
-13.144023232161999
-11.21071063913405
-11.324270936485846
-3.2738322289660573
-0.17678978852927685
-1.2561526354402304
-2.9983288515359163
-3.2216071486473083
-0.12645695824176073
-0.7177492792252451
-2.6059060683473945
-3.4728908771649003
-0.04291213165561203
-0.15283270890358835
-5.12768029369181
-0.053126213748328155
-7.226106416201219
-0.07826475671026856
-0.03695626583794365
-5.77395392768085
-4.466312408447266
-3.382600601762533
-1.3885590471327305
-8.415744721889496
-1.4026657534996048
-2.0213889479637146
-13.026419530157
-6.188097748141445
-11.575079945730977
-0.4293787481728941
-3.067857526242733
-9.474378713173792
-7.349023014075556
-2.1360297203063965
-20.46671503869584
-21.347098268466652
-7.108404242741017
-1.5157318993879016
-20.548461746664543
-3.730723998076428
-13.51882553572068
-31.44306647128542
-10.525561577960616
-6.467526137443201
-0.06317485958425095
-11.282790179655422
-0.23253384212239325
-2.396787405014038
-2.2310043623147067
-0.13652555644512177
-10.125761197607062
-19.099177627213066
-7.927087500691414
-3.8043853655690327
-4.0487953051924706
-3.093763463572486
-5.9213158204220235
-0.8207320827932563
-1.280224881193135
-8.097887981683016
-10.496088960790075
-12.220521203824319
-1.140359920085757
-13.261283250583801
-2.8367638401687145
-7.381305255286861
-10.575349802267738
-8.641538366326131
-0.8211654887660416
-0.1264229013431759
-1.462484615665744
-0.0063747494568815455
-0.08944303169846535
-8.928199729532935
-1.4068226288582082
-0.6731534982100129
-8.400902091416356
-2.527313359081745
-15.408616493194131
-9.468534626881592
-4.531686931848526
-3.269037775695324
-15.144090745598078
-8.440214700298384
-7.628214041120373
-2.993894375860691
-0.14559117576573044
-11.707015381496603
-14.357256560397218
-4.413034571625758
-9.292256800225005
-0.1790651949122548
-3.584665632901306
-1.9623040520400536
-2.478530266787857
-0.6111627742648125
-15.891874023407581
-1.2275601690635085
-1.3249473416944966
-0.201223221141845
-1.8159619624711922
-2.8036746568977833
-0.49769696171279065
-7.628730314783752
-3.389517495408654
-6.1694168788963
-6.165580144152045
-0.08365630495609366
-3.2146786694247567
-0.5208541974425316
-0.0540253568906337
-1.1977677344366384
-19.72427980042994
-1.1064063116937177
-10.911864526569843
-16.936575544066727
-0.9789546891115606
-3.852134583517909
-12.627824654337019
-7.7044247929006815
-0.9081449145451188
-2.4619334284216166
-13.895280416938476
-1.3717299554264173
-1.2867793049663305
-5.5016956981271505
-5.600782117573544
-5.273955185664818
-2.152931143937167
-7.8072845516726375
-1.4487755467853276
-16.552803872153163
-9.369317180200596
-15.23715980333509
-6.599022535490803
-1.4897855222443468
-16.306381274713203
-2.613786280155182
-5.480118751525879
-10.380950669026788
-4.842744708061218
-7.085452596373216
-1.6459600457455963
-3.4525289493612945
-3.1336737831588835
-9.258326673065312
-0.6659730785468128
-10.911957547687052
-11.77805140055716
-4.975018079014262
-5.504211820662022
-2.413853087258758
-4.761449180543423
-1.3482447545975447
-5.266606895602308
-8.4935628814128
-1.2976782516925596
-4.629843921400607
-5.2279718443751335
-2.6386729041696526
-9.42434833792504
-8.769896367564797
-0.33492936193943024
-0.0675272261723876
-3.780298102647066
-0.041999451816082
-0.120483189355582
-9.258178899937775
-6.240805484936573
-0.502874653073377
-9.121373252011836
-14.471232884679921
-25.88864029198885
-3.2852891590446234
-2.2226778380572796
-3.2882856791839004
-12.709417066536844
-1.420387215912342
-4.483813524246216
-4.6732611656188965
-0.25140281300991774
-3.811723345890641
-16.25937304656418
-0.590848621490295
-0.28198229334520875
-3.398350410745479
-5.870220966928173
-1.5895419344305992
-14.389575470006093
-0.07225027028471231
-3.807337261736393
-8.024490792595316
-6.557349437789526
-10.12506616662722
-7.000770969490986
-4.176830863580108
-0.9050764151879775
-5.424582318533794
-1.5264113217126578
-8.022223472129554
-6.291009277105331
-18.860628918235307
-9.548355480656028
-13.409868008457124
-0.48380784754408523
-0.8797468911507167
-6.330789383500814
-11.864365243120119
-0.872959554195404
-14.911981289973482
-6.212920606136322
-2.3436959385871887
-8.082824844866991
-0.15545503748580813
-0.1833574827760458
-3.0085421153344214
-5.83025375707075
-0.6599752407055348
-0.864022777415812
-13.874817363917828
-0.6111627742648125
-0.23710656259208918
-13.474456474876206
-10.537028020480648
-2.0936522267293185
-1.7558628879487514
-10.817936046179966
-9.544615578313824
-5.20027771173045
-0.03836094345024321
-6.094975124557095
-8.435682476265356
-5.256039635743946
-3.4023983888328075
-5.640123458899325
-11.230660997331142
-9.547176903681247
-22.553066713589942
-23.623542474291753
-0.8880368221725803
-15.100297847209731
-11.551665898485226
-13.267600253224373
-10.658946877345443
-0.8477551292162389
-2.8610117360949516
-4.781937874853611
-5.836214996874332
-4.49349420517683
-11.009910300374031
-11.524573848582804
-2.47991943359375
-1.0214690808206797
-11.5492211910896
-2.271979874698445
-4.996684755897149
-1.1383170853951015
-4.723500517662615
-0.8706829466827912
-0.3822995373629965
-1.053764839307405
-16.440478877164423
-2.3813613676466048
-2.431830028130207
-3.1040530162863433
-0.20486529223990146
-0.12312426418066025
-0.30670888112217654
-3.2720651756972075
-3.1096509303024504
-0.18505969108082354
-3.7156294367741793
-12.524487547576427
-0.719330133870244
-7.10082321614027
-8.834291531704366
-0.15265030421142
-0.1251434162259102
-4.746389027684927
-0.19839836098253727
-11.794062427223253
-14.176665151753696
-0.8355238256044686
-1.9203233678126708
-26.148691434180364
-3.800227790430654
-0.6063889609649777
-0.3039010112261167
-3.2444786354899406
-0.4438937306404114
-0.02869453839957714
-0.13805992901325226
-13.519288144529128
-13.719284772872925
-5.065118819475174
-3.047430321574211
-5.205091421608813
-12.727544588517048
-1.4411637746961787
-0.505862832069397
-2.9294120892882347
-0.2936582393012941
-16.973240988649195
-3.0912175364792347
-3.0665902281180024
-2.9292421048739925
-2.437434183259029
-1.863945871591568
-8.360286349896342
-5.997537889790692
-12.635505799262319
-5.107415189500898
-2.631370227347361
-1.2956341449171305
-2.9940104321576655
-10.5089204882388
-2.71859647706151
-3.14535821066238
-2.096969185397029
-3.4798323291906854
-2.8752158507704735
-0.5316898469463922
-0.3200951721664751
-17.76633009267971
-0.1161179408809403
-0.6896485090255737
-0.6602098941802979
-15.995399817824364
-6.279352219775319
-9.65006528235972
-4.884544754400849
-2.1845982741215266
-6.598523513413966
-2.178736448287964
-3.023484081029892
-14.835350660607219
-0.8950005061924458
-1.0670570135116577
-0.611162606626749
-0.9476177978358464
-9.095741057590203
-1.2054299853407429
-6.486437935527647
-7.222168387845159
-0.14219577705262054
-0.12606271326512797
-0.1388151802093489
-2.2532181351270992
-2.000751147978008
-4.809641791507602
-3.365892234900457
-2.89746073319111
-2.5357497613949818
-6.456487237941474
-6.0354025471024215
-11.027718804383767
-1.3896729149855673
-1.540581167966593
-0.5335040874779224
-2.8011301454971544
-16.64336576742062
-1.2080175876617432
-7.8886801211192505
-0.9276938731782138
-11.410551054403186
-2.1667263507843018
-2.312783413566649
-4.582493576686829
-1.7458779391890857
-3.657824575668201
-8.293308692174378
-0.6726069450378418
-12.032573978911387
-1.0131548782810569
-9.224693536758423
-9.294578016269952
-6.783066985663027
-6.175756053999066
-7.832537058973685
-5.831095106201246
-17.46937121060182
-1.0271125243161805
-20.97592503434862
-25.138583781037596
-12.984102535876445
-0.3841302006476326
-14.426899756101193
-7.228797618299723
-3.371428974074661
-8.718957780045457
-1.7858116939896718
-0.10566748003475368
-2.879307348805014
-3.9805854774895124
-16.582349859992974
-0.611162606626749
-18.395613963839423
-0.8052077321281104
-7.772023802870535
-1.0227371170185506
-22.155224506102968
-2.4037120267748833
-11.349208038300276
-4.3460639379918575
-6.498286106623709
-0.5315152229741216
-1.7962755179032683
-18.8824821151793
-7.090213802450307
-7.108209367841482
-11.211264214118273
-10.717739862739109
-1.476314119528979
-4.964310142269824
-3.434145968985831
-0.30138526298105717
-3.44327044300735
-8.211298644542694
-3.90783126727365
-4.062131052953191
-7.736967860837467
-3.464314576920515
-5.418116985150846
-0.44255009945482016
-5.440243540695519
-4.237040227220859
-11.380880375945708
-17.03495415794896
-10.78131757985102
-1.186082810163498
-8.24462189344922
-5.627897795209719
-8.12256455366878
-14.23222428560257
-2.5000369190529454
-4.830737978336401
-8.052398588042706
-5.386336623429088
-13.271063935011625
-19.99052780494094
-19.44212039746344
-6.06904552661581
-3.637223893188093
-0.5989270572117675
-7.657908882116317
-1.506549509242177
-0.29183578258380294
-3.4181439131498337
-14.834231736138463
-11.838662972906604
-17.920555601012893
-12.303630401976989
-1.7352994653010683
-0.5126716494560242
-7.774406135780737
-7.578680150210857
-0.6440908312797546
-4.19126945361495
-0.15442873460415285
-0.12458223728754092
-3.5341925874818116
-1.6248595276847482
-11.205371613439638
-1.0333624739432707
-3.7179175401106477
-2.5107975330902264
-0.870548665523529
-20.120698207916575
-2.584605310112238
-7.823231726884842
-5.436571882746648
-6.192998744547367
-0.295398460701108
-1.524927543650847
-18.570987029059324
-1.79461108148098
-0.9616191852837801
-0.3622366264462471
-11.411381953628734
-5.668642006916343
-4.240678835660219
-31.97371038305573
-0.17837210092693567
-12.123412117362022
-0.29157813801430166
-3.088193118572235
-6.268414501100779
-6.753656387329102
-24.029802564531565
-10.1690284893848
-10.55075157914689
-2.853638028347632
-9.638850981369615
-8.794981070794165
-1.3614921847365622
-1.2702030297959936
-2.2603823717217892
-3.9094272248767084
-7.285148585215211
-0.13329011900350451
-28.96564299426973
-9.735085233696736
-14.149692747741938
-25.463213962037116
-23.586744827218354
-18.696515782969072
-5.31032982544275
-40.27828154031886
-12.343723486876115
-0.746245740680024
-6.385026149917394
-0.031204576152958907
-5.256941741565242
-0.025111523618761566
-4.299004783271812
-0.7058894783258438
-28.97622086154297
-29.78151869145222
-6.625225022005907
-0.17705090553499758
-0.29317753795476165
-4.754120205761865
-17.708024986903183
-0.9473654257599264
-2.4265134781599045
-9.525305468589067
-28.132305689621717
-3.1258793026208878
-0.6001855358481407
-8.56483514964384
-5.730813026893884
-0.13094434794038534
-22.462313022464514
-0.05241543427109718
-8.252427564468235
-7.0641960320062935
-5.3560841185972095
-2.26937438279856
-7.336311872815713
-4.67333722114563
-0.03178734083485324
-14.85043440014124
-19.063017266977113
-3.6900896846782416
-4.98657857067883
-18.637476180680096
-7.063507350219879
-4.805917739868164
-20.675764240091667
-6.677732314215973
-9.717885973397642
-15.67299441806972
-2.098195493221283
-0.054905448749195784
-0.03973798286278907
-9.489601284265518
-3.832896128296852
-16.483469647355378
-15.579525622306392
-2.9742076843976974
-5.4792996888663765
-0.6111624278128147
-25.43387481928221
-10.223886787309311
-4.39870635420084
-5.516882627387531
-13.86976437571866
-0.20767006743699312
-2.9658795883879066
-0.6042721271514893
-1.5824382305145264
-15.219352012543823
-12.946005555219017
-17.117407951503992
-9.786657579243183
-3.0301180875394493
-4.096400582231581
-0.6698135386686772
-3.531611109516234
-12.000183060299605
-3.050917442793434
-0.11704113334417343
-15.84110591741046
-2.86702036857605
-2.617002345621586
-1.8753240149235353
-1.2115595776122063
-5.284923553466797
-2.3349460205063224
-6.411986365506891
-5.730155643075705
-6.1131241168041015
-1.6343248886987567
-2.272352933883667
-0.6343675889074802
-7.656474725343287
-9.780588823137805
-16.338386750780046
-1.1794995757518336
-17.66243793698959
-3.260856100998353
-1.7798934399725113
-23.228915925021283
-0.9834653869475005
-4.597980731785356
-1.8756175416056067
-0.027508357539772987
-3.712768272962421
-3.5606186266522855
-1.0717962511116639
-0.23823009626357816
-0.37802887623547576
-6.410306348931044
-1.38424249982927
-1.434203788638115
-0.05027107521891594
-8.64572728285566
-0.03750694915652275
-6.903611972928047
-6.810469347983599
-0.07176176458597183
-7.565113827586174
-2.173329141922295
-11.85420460108432
-1.7346427494194359
-3.393965325642057
-1.2028976815054193
-14.562836287004757
-8.527390171206207
-6.265501456327911
-0.1509041879326105
-1.5951520194939803
-1.531654192134738
-20.782912350201514
-3.384237222948286
-1.4494662173092365
-3.7513567542191595
-2.047220394015312
-6.2890317887067795
-26.233695063685445
-9.761983892705757
-9.21093510841456
-11.70386476427666
-4.615848935209215
-18.166725947972736
-13.491328514559427
-24.54037905088626
-13.793306462466717
-16.33745151947005
-19.472020071392762
-7.4748263861984015
-22.630399138550274
-10.832881332316902
-7.912377182697128
-5.210919702411047
-21.935454949431005
-7.239819290116429
-8.722838967572898
-4.323515148833394
-3.319330951771917
-8.497921523608966
-4.657732256826421
-5.989640459418297
-24.724585754843247
-13.37720194645226
-14.380100223037516
-2.6359272764530033
-12.664206268207636
-0.6835129320679698
-1.7153447202872485
-3.2035555904731154
-7.655366524770216
-1.7036539316177368
-0.19485467672348022
-3.662318229675293
-6.101127922534943
-2.0149006843566895
-3.070746660232544
-7.9293025859151385
-6.40166112780571
-4.093569380318513
-3.6353451013565063
-1.084480993449688
-1.3386274576187134
-13.024401026952546
-2.0883471366250888
-3.401315189199522
-1.7918811440467834
-0.7784611862152815
-12.833355179741375
-4.958007593639195
-0.46980928571429104
-0.33090080693364143
-0.08054298170827678
-6.90193595135861
-5.824393682139998
-4.9951862367015565
-6.090416990045924
-0.14727662038058043
-1.140049695968628
-7.246606339149366
-2.8887271544499526
-4.994441062852275
-0.5412245988845825
-6.658613340929151
-5.39266256548035
-3.5342116900719702
-3.5327418027445674
-0.39523664116859436
-10.606724262237549
-3.069348376884591
-0.6582275032997131
-0.6111624278128147
-8.544729392509907
-3.1217915894812904
-0.2631568957003765
-0.5894571159806219
-12.133012113394216
-3.3300561010837555
-0.6752106547355652
-12.83676777780056
-6.42777681350708
-6.218904256820679
-1.8655097166407586
-2.6091331839561462
-9.519333202682901
-20.158348150238453
-1.0375356169533916
-0.16142861964181066
-0.6261652645189315
-0.9161645915301051
-12.025279601628426
-1.2131261109607294
-12.349942634464242
-2.9413450572174042
-0.1949558557898854
-3.208362855017185
-0.12918481975793839
-0.11743981391191483
-0.04093510722668725
-0.38005366176366806
-3.8592544769053347
-2.5146780268551083
-6.946728162460204
-1.8961862929572817
-0.3446972909732722
-2.590942362556234
-1.652152312322869
-3.5751959504559636
-5.830504331883276
-0.21736931323539466
-2.9939394385146443
-0.4318123667035252
-2.6035851780325174
-3.2737278639688157
-3.749796850606799
-0.9208736427499389
-3.9907583495951258
-1.5877423393540084
-1.4495876772271004
-8.56969182624016
-0.9483553487807512
-0.31820627907291055
-0.6111627258360386
-13.188210027379682
-2.3441670092288405
-6.277074590791017
-6.336432630196214
-24.584953431316535
-2.1341609971423168
-9.006861284724437
-13.472828178462805
-0.513575833523646
-2.5713479683035985
-2.649716641928535
-0.6111624985933304
-17.523975567601155
-0.8037243434082484
-15.64738056313945
-4.221020322642289
-20.713275346177397
-2.976817835471593
-0.8598011514695827
-31.65315202670172
-0.07554210002854234
-1.7595251144375652
-9.196853731700685
-0.47818490117788315
-5.980264447978698
-4.860778436996043
-7.23137766495347
-0.8959132211748511
-8.294189093168825
-16.4141439772211
-1.7613266505650245
-4.583313640207052
-0.19213548449624795
-9.542063280940056
-11.333454133593477
-15.0640231333673
-1.4191029015928507
-1.5608788775280118
-0.6006955504417419
-4.022249368601479
-17.30842315632617
-0.5431822343743988
-23.260070968249238
-9.258687710913364
-1.5142924758474692
-1.8819185578031465
-6.1199081300110265
-3.0736947981640697
-0.18386205891147256
-0.3201775330817327
-0.9532948850101093
-8.30220602080226
-12.335106438957155
-0.18550664745271206
-10.95185195596423
-1.4288531869533472
-0.41921950597316027
-2.207588583813049
-1.6541499958984787
-2.8688261688803323
-10.448430362623185
-0.6036660075187683
-3.6632335907779634
-0.024412419836153276
-0.18591664754785597
-0.03481235358231061
-1.7118362304754555
-1.0217450631316751
-4.141069439123385
-1.9190795093309134
-4.562153635197319
-2.8704892563982867
-20.29211221181322
-1.4888964074198157
-0.8479686148057226
-20.576704771374352
-0.04483142588287592
-19.156113064847887
-8.052922431379557
-6.096144249677309
-6.9345950479619205
-4.178960213437676
-3.349200401455164
-10.484159178333357
-6.378812438808382
-9.88704440370202
-0.5912714256555773
-0.1980750400107354
-11.502156580681913
-1.48125815619278
-3.2520146702008788
-1.237884521484375
-3.7912637814879417
-6.997880466959032
-11.571389969976735
-0.10115040532036801
-2.6680774688720703
-27.06000116461655
-8.326582923298702
-0.3857563362689689
-0.5364042520523071
-4.539151603588834
-7.452398284571245
-5.374988318537362
-0.6875095389186754
-16.86119157273788
-1.4103838130831718
-11.477209717937512
-4.943435431458056
-17.237584089278243
-0.3640830806689337
-0.7124791741371155
-1.9428229331970215
-2.1469805240631104
-3.3144887685775757
-5.431911012739874
-12.866099834442139
-1.4795620499644428
-14.109109997749329
-9.505066810757853
-2.0312360679963604
-1.1021145256236196
-1.8266666429262841
-6.648185577505501
-0.4505050409643445
-4.306129649485229
-11.324645391665399
-0.49263722519390285
-25.505560401797993
-4.78105332236737
-10.872089822078124
-14.555516586638987
-0.22701055060315412
-0.8019229528290452
-0.056002283468842506
-0.11352269729832187
-4.1901990422047675
-0.32965949177742004
-8.0791155397892
-0.14622567687183619
-7.059722636011429
-1.4835483622737229
-0.9769152095541358
-1.089452897402225
-3.6647743395551515
-2.2847467716783285
-6.819718058570288
-3.1545205280417576
-3.6676413090899587
-15.623186385026202
-10.105732262134552
-0.038798864698037505
-3.5806525198277086
-0.6111627742648125
-11.47466464433819
-7.971539526246488
-0.6555733906716341
-0.46216721041855635
-0.17042870336445048
-0.0651564016006887
-0.32873162627220154
-2.266543254852877
-2.284169183432823
-5.457667343318462
-0.12696834281086922
-0.36989399790763855
-5.47266636043787
-3.2979622073471546
-0.07463007094338536
-2.0115593136579264
-2.5934955924749374
-6.502727989292907
-11.873853392899036
-5.095238144509494
-0.08117336925351992
-0.07889789948239923
-0.08177496123244055
-0.03094708814751357
-5.723963811993599
-0.03710986377700465
-0.08539742231369019
-1.0094496981982957
-0.6452222387888469
-7.293707219650969
-1.1092009259737097
-0.25581076741218567
-0.08746295236051083
-0.6297965794801712
-0.18745605820731726
-0.5714689573505893
-4.08619749546051
-26.44870113406796
-8.164949848898686
-1.621517431922257
-15.839275999140227
-6.823201577921282
-4.458542228676379
-1.7842035545036197
-1.3324293593759649
-0.19839835353195667
-11.71971177161322
-0.5306173417484388
-0.3148534707725048
-14.650304925336968
-4.934705572901294
-0.45839367996086366
-4.488554252195172
-3.2895633133593947
-6.385495981667191
-8.262501037417678
-6.660006802529097
-0.14626694843173027
-0.5215874314308167
-0.611162543296814
-4.726995342760347
-4.749897623434663
-3.934872061072383
-0.20486018061637878
-1.7703174422495067
-4.051798392087221
-0.3137837680114899
-0.7246721184128546
-19.181875177193433
-7.211232990026474
-7.485231876373291
-5.393885700963438
-6.034166440134868
-9.10436159092933
-3.335345263720228
-2.629715190269053
-0.2789370263926685
-0.4561923665460199
-1.4587766226031817
-0.16727161779999733
-2.7886749758035876
-0.6630857819618541
-2.413204683238291
-3.553113935980946
-0.07476492680507363
-1.3952933754771948
-18.423309023841284
-0.47415298223495483
-11.621818950399756
-15.224762555793859
-15.128257176897023
-7.4600669289939106
-2.632148634227633
-6.685836294665933
-1.244316031008566
-1.158229690976441
-1.6117230653762817
-0.9017059877514839
-4.951102443155833
-4.943591895629652
-1.0774540861602873
-1.0219618082046509
-16.214598641911834
-19.62816647877935
-28.330004944931716
-7.980922568589449
-9.871920574223623
-1.4753285070182756
-1.522872507572174
-0.1119365693157306
-8.08743350673467
-1.769861495558871
-0.5089370245113969
-1.4312855005264282
-0.6292462944984436
-2.310405731201172
-15.23751517990604
-11.223563142702915
-15.324350282549858
-22.376350519713014
-1.155941101926146
-0.08875554328551516
-1.7304720811953302
-4.079639643896371
-5.641592755913734
-0.1881278642176767
-0.78837120893877
-0.4888937193900347
-1.5958787463605404
-2.924521144479513
-7.886668154387735
-2.3307575616054237
-12.21803018450737
-3.916242804378271
-0.8470091003691778
-0.38909446727484465
-4.7102924678474665
-0.10924126207828522
-10.016725313384086
-0.10489855008199811
-2.206450216472149
-15.121207063726615
-11.275774862617254
-44.99964497452311
-27.53482621634612
-2.3213394787162542
-0.5191481467336416
-0.3921093051903881
-3.039285658218432
-14.34391830675304
-2.196067065000534
-2.9051889777183533
-3.604816906117776
-2.2104686414822936
-0.07028222141343576
-2.1211110907024704
-1.9725123643875122
-16.24335384753067
-0.578830083104549
-0.20023772068088874
-13.14538960979553
-14.757634517736733
-2.9572316887788475
-0.1122077049294603
-8.241858293302357
-22.723584493622184
-2.643276169896126
-12.20557739493961
-2.1994814658537507
-0.300769277731888
-1.96778704226017
-0.6111626140773296
-1.5243520530784735
-18.941259338957025
-10.959639687556773
-0.8673741156235337
-0.13561679609119892
-0.7840513403498335
-7.015268222123268
-8.064407828031108
-3.784483308249037
-0.4864676076831529
-3.9924189953162568
-7.983057577395812
-1.3042862262227573
-7.465568941961465
-8.986712320387596
-3.0816279649734497
-12.873192366561852
-28.170327484374866
-2.5037126541137695
-22.87773547731922
-12.83684187149629
-20.249734475743026
-5.977142783638556
-24.584003110794583
-5.247726453409996
-5.313422700855881
-6.9677398153580725
-5.566221173852682
-13.267222956637852
-3.9939215256090392
-6.124404121655971
-4.556756231933832
-7.518754444550723
-13.26316948987369
-17.67638495704159
-25.829775997583056
-4.643585214391351
-32.62189991390915
-0.19141977652907372
-11.157180146561586
-5.197761782910675
-2.5324401577818207
-9.574891799129546
-15.092847225754667
-3.0052671602461487
-11.619867726316443
-12.490389684215188
-1.2417527030265774
-16.089644632302225
-1.448045234195888
-11.613860130310059
-2.957480279583251
-0.6612430810928345
-17.87616686616093
-0.08298613404622301
-0.03437921014847234
-5.157797577092424
-0.059351401523599634
-0.8593420386314392
-9.545649528503418
-34.72982670739293
-3.4226146700057143
-11.417348442599177
-3.6062485659494996
-3.0926795285195112
-12.631094980053604
-3.138605407672003
-0.4623789885081351
-0.06574265161179937
-0.05202959955204278
-0.2694096269842703
-0.08204005844891071
-0.1998295623343438
-4.377477148547769
-25.91463773176656
-17.09152636419458
-16.471584168903064
-5.489690661430359
-0.09799599097459577
-4.972655976926035
-5.382933855056763
-9.84974940007669
-16.76224039468798
-1.2521237397450022
-6.608849688440387
-11.29064167663455
-20.55605910817394
-7.001736599166179
-7.827563404105604
-12.082226959057152
-9.03578427535831
-0.7662023585289717
-6.131536141037941
-5.273939507082105
-2.5968740208772942
-7.402138901816215
-1.3738982647191733
-0.8784387204796076
-16.959731198381633
-2.4091531559824944
-2.2320480491616763
-0.8885919184540398
-0.21491509943734854
-7.640479060821235
-5.688838921487331
-6.621961090597324
-6.843699262215523
-0.9488496025296627
-3.620084917114582
-0.8956758040003479
-6.057034721598029
-11.254647314548492
-3.336062090471387
-5.7814080491662025
-4.6881343650165945
-0.3743085265159607
-6.767762660980225
-0.4173291325569153
-0.1715459804981947
-1.2482994152233005
-23.271459341049194
-3.2451051138341427
-18.061705009866273
-13.695454601227539
-7.943793097510934
-0.6574041247367859
-0.02416013367474079
-0.10266777267679572
-4.598920941352844
-9.637954858131707
-5.170421646995237
-0.8347650766372681
-1.5610361804465356
-6.161109479824518
-3.231072523165494
-0.9124810030625667
-2.866754274815321
-0.1837597722915234
-0.1262128537055105
-11.605151758878492
-4.330388590693474
-8.861302018165588
-10.741292732593138
-6.419819675244071
-3.0120071172714233
-3.5802654027938843
-3.764070510864258
-9.282389998435974
-5.205909311771393
-9.353148481353855
-10.73330439068377
-4.313717186450958
-1.5673445994962094
-2.0439462918639038
-1.6848053932189941
-2.476833991939202
-0.3941069543361664
-0.07301874022959964
-8.51842680433765
-3.2595165646343958
-0.5487755537033081
-2.779415787983453
-0.7262109518051147
-8.203726418316364
-0.09540241687500384
-0.2959271053841803
-3.149318136740476
-10.653049813583493
-4.940713378571672
-1.0991271510720253
-10.331677771813702
-7.756089340895414
-0.04659807024290785
-0.021923581196460873
-0.054644709918648005
-0.015832900651730597
-0.09455294001236325
-0.1355508162341721
-2.7526063919067383
-4.166745739385078
-3.2594113647937775
-5.278961076483029
-1.8312464398622978
-1.1446652186859865
-3.0660424400120974
-1.8979916647076607
-1.643838882446289
-1.940463900566101
-13.283634893130511
-3.8743837475776672
-2.0435754809877835
-5.372327239252627
-4.901611924171448
-18.685901765711606
-3.0359818297438323
-0.9056996223516762
-10.330972785828635
-16.39174199350964
-3.2487907390168402
-0.5718994996641413
-1.4264589548110962
-8.057642238408334
-15.212967760890024
-2.8279187961998105
-21.737157766578093
-24.186446524923667
-0.2665426544845104
-2.8501928001642227
-1.0547195170074701
-3.0504419199569384
-3.4787866399829
-1.3700112811493455
-9.624524408980506
-1.0664895586669445
-0.42088337091263384
-29.982508449815214
-2.080781224416569
-0.11935807764530182
-0.09148907661437988
-4.6197252686542924
-5.29725878033787
-12.198339011985809
-8.526735321152955
-5.72317813616246
-2.379995286464691
-0.09860033205040963
-3.256742998957634
-3.580631211400032
-6.280214209109545
-17.148982871731278
-3.428630791255273
-3.5997007064897844
-0.770298421382904
-7.357377831824124
-0.4198803633917123
-4.099225712474436
-8.512170316593256
-2.4682690415065736
-7.168131165268278
-5.040984423729242
-6.474847109988332
-2.6788882434775587
-4.512268106157535
-0.11770769022859895
-3.0470685777254403
-15.175291150459088
-0.7231711520871613
-12.169316362222162
-4.438796430826187
-6.87492690118961
-0.6697136163711548
-5.8515095710754395
-0.9508032202720642
-0.8925897479057312
-5.691696535708616
-0.26265069789951667
-2.7056529872352257
-5.3231828417629
-20.373578905011527
-9.746687714272412
-9.049798033083789
-2.4749039709568024
-3.0294159468612634
-17.937030597939156
-19.479642803868046
-2.187483794048603
-8.56442591920495
-7.155889938818291
-7.113314195536077
-7.701405001687817
-0.506280635483563
-0.6950966119766235
-11.706663073040545
-2.792878795415163
-0.18502959818579257
-1.232330143917352
-2.951933708274737
-24.01119773695973
-9.738743119174615
-3.750125928025227
-0.5158752546594769
-2.252075672149658
-0.16595766437239945
-14.596049774176208
-6.688392163312528
-2.982074081286555
-11.657940335047897
-6.152229696512222
-4.3418339851778
-18.906527694918623
-0.585581257371814
-7.333171575854067
-5.355930814212115
-9.598265151886153
-9.089253259880934
-5.7434468971332535
-28.706808002549224
-12.679329290869646
-1.9021093354094774
-1.7738447330484632
-17.167977208970115
-19.00231295824051
-12.33994733390864
-0.611162543296814
-7.884459570850595
-30.28435764973983
-12.817461436672602
-11.808825164363952
-1.5089179079513997
-0.2927211154164979
-17.853479192126542
-14.388112267391989
-8.219741695105768
-13.794043195899576
-21.56123238534201
-0.5217840671539307
-7.757423784234561
-23.335735159926116
-9.079625366255641
-0.180354288716444
-6.2624173768708715
-4.817732414230704
-12.726992234762292
-21.756458800286055
-0.7929852223023772
-5.680678241653368
-1.54979757219553
-2.6470893629157217
-0.6111627258360386
-17.37033328074176
-1.0592303458834067
-9.712661946294247
-2.5601788907079026
-16.149705844985874
-1.9614388886520828
-7.237542709277477
-9.32694419899508
-13.733708175735046
-1.6075576693401672
-13.1625107258551
-3.1989390138769522
-5.481324504977238
-1.4070764780044556
-0.10681823438699212
-0.01615260960534215
-5.526670528575778
-0.01449920708546415
-2.159961954836035
-14.011445242731497
-0.1050292013796934
-0.010501659009605646
-6.179527633241378
-0.02645914202730637
-4.411124413604739
-5.946462026491645
-0.16415469348430634
-6.810814813245088
-6.113966654986143
-3.156669388525188
-4.869711518287659
-10.982282186392695
-1.6637917309999466
-7.306140110013075
-1.084686506073922
-0.03715222707251087
-0.17663660063408315
-0.12193997724170913
-0.25610708841122687
-24.291061358242587
-1.4988302585552447
-17.987107728607953
-6.678503587841988
-8.30051981145516
-64.29136636987914
-3.4061082573243766
-0.5676849141455023
-2.160169810988009
-2.811674740165472
-15.5017109666951
-20.7235267048236
-1.7244656993098033
-12.04562437619461
-1.4201049506664276
-15.89219965110533
-0.16507196499151178
-1.9866539663998992
-5.052274154114457
-14.36885899817571
-7.221839949663263
-8.4282054572177
-9.922885930184748
-2.3140459060668945
-13.053810155228348
-9.852867405861616
-6.410018104594201
-0.024572325870394707
-7.190522240387509
-12.227466390904738
-2.63012607768178
-8.563545496203005
-8.449154020287097
-4.684632790507749
-6.780144990421832
-8.300080460729077
-2.3128889752551913
-10.079238957026973
-0.8706055912407464
-7.678212618604448
-9.485282108013052
-1.7103180061094463
-0.019497930887155235
-6.751864584395662
-1.774543046951294
-18.42218379478436
-0.0939423399977386
-10.0963164010318
-28.750844590365887
-0.9030640261480585
-10.361752734344918
-22.4825530879898
-1.938604460505303
-10.276398579124361
-0.6767869591712952
-8.441407577629434
-1.9621061071447912
-6.0388422284740955
-8.712626817810815
-2.4656929140910506
-0.559846818447113
-6.7582306559197605
-5.347318791667931
-7.721819181097089
-0.5085153226391412
-17.715968785655377
-9.048925929469988
-19.33902017593209
-3.3514409807976335
-7.749944637645967
-2.4298740237863967
-7.106985424179584
-8.587371146306396
-1.6498373746871948
-16.602884568157606
-8.568748249381315
-7.474973728414625
-5.424771518446505
-0.7109738997896784
-3.0436600754619576
-3.075512767303735
-11.063143298611976
-3.8512342854519375
-0.27606394527538214
-13.476127332658507
-3.570049849586212
-8.482418801635504
-0.19189670006744564
-0.8350294662959641
-12.719340400649344
-15.70456276985351
-7.62135374546051
-0.8004806637763977
-2.2375957369804382
-2.512450193054974
-1.2838827706873417
-26.884754325350514
-3.7212128251007925
-1.3395465151688768
-15.341887942980975
-9.394898026015653
-12.806025787120234
-12.481964647769928
-1.364555120235309
-6.774663900499036
-20.304993872680825
-15.936531639479654
-2.8562976606190205
-4.913259886205196
-0.21419322938891128
-0.019570590928196907
-2.8771033392986283
-10.664202556014061
-9.25130989192985
-6.826014781952836
-1.7515038994606584
-0.12685192347271368
-21.463677500680205
-1.991518937451474
-3.7614807427162305
-7.841290831565857
-12.259332350261502
-32.38879320257183
-24.52211214581621
-22.54521812380699
-2.1973845213651657
-3.160568378982134
-2.2032382856923505
-2.5673156045377254
-4.011760085821152
-24.446978263789788
-6.1770617654547095
-6.875856600701809
-3.072109942790121
-9.601171193686241
-4.093226405791938
-0.5240155458450317
-13.981776610551606
-6.635791486827657
-6.007506234105676
-8.610490958206356
-4.87615966796875
-1.6385319363325834
-4.939578338060528
-1.810444482602179
-2.8436175398528576
-4.654504579782952
-1.3290502840827685
-0.6696349226403981
-2.0271585299633443
-8.26565123826731
-3.031462275190279
-1.5407607581000775
-14.085592480572814
-2.2870530607870023
-4.982813898270251
-0.8174520197790116
-0.41633607051335275
-5.977174789295532
-0.611162543296814
-8.035969978009234
-19.181179699487984
-0.655547171831131
-0.1361994850449264
-0.4610777823254466
-0.5982407725532539
-7.199199004069669
-0.8125105758663267
-0.04115742375142872
-3.8019511366728693
-0.211797923562699
-0.7982611583320249
-4.16608231086866
-2.487959625897929
-4.031406638212502
-3.9813988003879786
-1.17611816059798
-2.3975470662117004
-0.7649237043224275
-6.70738248701673
-5.877233878825791
-0.25329881921061315
-15.566029440436978
-25.68492054991657
-9.898266725009307
-10.568795919418335
-9.663243660581884
-15.765591593874888
-2.0319720581173897
-7.612084095366299
-5.130500536412001
-3.7440792158377008
-15.135202261153609
-10.209135198267177
-3.1775748431682587
-0.5331295728683472
-6.33128693170147
-8.064522206783295
-1.5225277927238494
-0.5986502766609192
-18.527118237310788
-5.874021267401986
-7.659276407968719
-5.062960142735392
-19.23960860897205
-0.5865085553377867
-17.300773708543602
-5.240033717826009
-0.6173011958599091
-7.471524814035547
-7.419763706624508
-8.936456963909222
-2.2106206989847124
-0.8720641732215881
-0.8074106890708208
-5.275092827621847
-16.55930342944339
-1.2670515421996242
-14.232544119600789
-0.39690926647745073
-0.022414668928831816
-1.2017803192138672
-0.12199374288320541
-9.535235276212916
-0.32848796248435974
-4.556321969721466
-0.8587253093719482
-13.231645209016278
-0.25361213088035583
-12.424163069576025
-2.6154216098657344
-8.118932228535414
-1.6532494298298843
-0.17177246915525757
-14.006945724599063
-5.303538560285233
-26.443657048628666
-10.94276468741009
-12.716938961602864
-0.16799583632382564
-3.2628224656073144
-4.5702581740915775
-3.487248971785448
-1.2560338130758737
-2.105367223223766
-5.472513078173506
-10.809177858754992
-1.6083723115734756
-12.7557023903355
-3.1866497984156013
-0.6181898713111877
-6.575422036927193
-0.15891767805442214
-21.73326461436227
-7.361243017017841
-5.864353107084753
-9.735340042388998
-2.173423330845253
-0.3477406237689138
-0.31154094885641825
-1.1298465921754541
-20.080225310695823
-6.367312163114548
-0.07190800580247014
-0.09170163642465923
-2.978387789335102
-16.62223258476297
-17.163789267186075
-8.18235920130428
-13.128549265247784
-0.5306878089904785
-0.03901739562206785
-1.5595217943191528
-0.5251303315162659
-3.5687434484716505
-11.21248160540199
-13.4891112876212
-4.185506231864565
-25.87365980966206
-15.19959212015965
-2.6814805730464286
-4.237519491958665
-0.15928714274195954
-1.2039552936330438
-2.1873607053421438
-0.1636885995976627
-3.967458984829136
-2.54864795353933
-9.536442595534027
-1.400865986943245
-1.7021613497418002
-2.017983031226322
-0.10098065249621868
-1.1710011339746416
-3.5069888099096715
-5.506254323758185
-2.589949638582766
-6.794510614126921
-1.3842142159119248
-1.8666822045342997
-1.4894939485820942
-3.6969034075737
-11.783779427409172
-1.2728087031282485
-11.999223110964522
-15.563201305343682
-1.288384408224374
-27.428823942842428
-0.17612700228346512
-0.3264005184173584
-15.60166255137301
-0.09140497725456953
-0.5523681109771132
-2.967501589362655
-3.982037022244185
-0.06356323044747114
-0.3164793574032956
-21.897342837699398
-19.360462040058337
-1.8778609761429834
-16.932204807177186
-2.551299093031048
-18.261125341057777
-0.29720950685441494
-1.2704660538583994
-18.854255036101677
-0.71318712370703
-8.121273142052814
-3.2069622933631763
-0.5240825623623095
-48.075179730542004
-0.1246596217242768
-0.3148320389445871
-0.1435641897842288
-57.63919753004268
-8.62092999741435
-31.401559612946585
-23.829613568501372
-0.056053760468785185
-12.12977916712407
-0.07790792000014335
-0.021536679683777038
-0.0735294731639442
-1.739475896640215
-5.464053023606539
-12.68270500417566
-0.055641832299443195
-2.075139312655665
-1.2828486684666132
-0.7402359847910702
-1.9549834900535643
-2.610594234574819
-10.567538678646088
-2.433921549934894
-4.4481912881019525
-0.24071696231840178
-0.8307288812357001
-8.467752305208705
-6.400664641638286
-0.1692898329347372
-2.2548939706757665
-6.672691981897515
-1.977005178530817
-2.8172415113076568
-7.866765285958536
-9.97568130493164
-3.6869697123765945
-6.778788648080081
-17.573433933779597
-6.964680833174498
-10.225101947551593
-11.15833274112083
-4.434890446253121
-5.053432704415172
-7.970985621388536
-13.79977916716598
-10.38321921316674
-2.91941093839705
-8.934802956879139
-7.871189808311101
-13.596957927104086
-16.534241987974383
-0.12298226763959974
-0.36572267991141416
-2.214507222350221
-5.912523185717873
-0.6230853144079447
-9.181047726189718
-3.2698577265255153
-0.04585975036025047
-12.186144830659032
-1.51669931987999
-8.409563473047456
-4.815423276275396
-17.756143216975033
-5.116431813890813
-21.919428754597902
-0.4912164378911257
-2.243940733373165
-6.775497250200715
-10.025658189799287
-11.150808175327256
-13.53229653451126
-10.739750269262004
-11.037762432359159
-1.731310360133648
-0.5373059287667274
-0.8572012853401247
-4.764436540659517
-25.606947595864767
-23.900860708527034
-1.359244569826842
-0.7669710293412209
-25.36178937292425
-1.164608947467059
-0.282164282289159
-4.263426667603198
-0.14201793806932983
-0.02710671746172011
-0.05925630743149668
-0.02685524243861437
-5.43830132484436
-0.3279502932819014
-0.02062572620343417
-0.048649582371581346
-0.03640409364015795
-2.7950996477156878
-10.940967623377219
-6.716516633052379
-7.067272940650582
-5.597595504950732
-10.55351699818857
-2.430035165627487
-16.91336164927634
-5.454612974077463
-7.407059732096968
-12.186434018542059
-0.3422231559525244
-1.6577993453465751
-11.429174735792913
-6.876385009047226
-16.49772764055524
-20.612590220291167
-0.9418502186890692
-0.4963917136192322
-20.792415939300554
-9.22389893484069
-8.400903472127538
-0.08440138027071953
-0.08491518761729822
-0.048595478117931634
-0.02575270412489772
-10.536205566721037
-1.7014893273462803
-4.7806984563940205
-11.723932651802897
-1.828019618988037
-3.8986875713744666
-1.4474602130358107
-25.714443266682792
-2.352254629135132
-32.7833596653727
-0.8035776010885911
-11.754186709411442
-14.516176279994397
-0.07497110361873638
-28.506340343505144
-0.016698002815246582
-0.6539710427168757
-8.349033222300932
-1.6377658841665834
-2.928324733307818
-1.0198282545316033
-8.533331846469082
-3.883822557516396
-18.576069420669228
-10.92081363935722
-11.612101768711
-5.136983993696049
-0.3652564629155677
-0.31954055349342525
-0.8995438474812545
-2.1902689386406564
-13.130984380251903
-6.771823712231708
-7.335091877648665
-9.740976883645999
-17.35167250266022
-10.165706596104428
-0.6580244144424796
-3.2628534107789164
-6.130263455212116
-5.1845377548270335
-14.67867732909508
-2.263196586165577
-6.886750966357795
-3.6925682523287833
-10.694818517193198
-13.187823276268318
-5.853114299232402
-1.329702009272296
-1.7782963793724775
-1.6239057779312134
-11.644631182367448
-5.279469689237885
-6.632941637188196
-8.749883207725361
-7.782411103835329
-6.52633920381777
-6.463899202608445
-5.134541612525936
-0.8902624193578959
-4.464647337110364
-7.709469464374706
-0.5449809357523918
-1.2094598785042763
-5.475802826927975
-0.11417193841225526
-0.06083089193180058
-0.20972856879234314
-0.027132296934723854
-4.136342089623213
-3.4807255619671196
-8.526110489736311
-14.878057394409552
-7.25655355406343
-6.233374765142798
-0.6392826344817877
-10.833282786712516
-2.6873726148332935
-7.819033257081173
-6.5013476045569405
-18.379497370216995
-10.923518572701141
-2.2209384597372264
-16.466946762098814
-0.9434601068496704
-3.3260546950623393
-0.2753598988056183
-8.973490743671846
-10.218760969757568
-2.471606282138964
-3.5493810542393476
-2.1079407712022658
-3.157561743631959
-0.007220950190905739
-16.724730799440295
-1.2982028722763062
-3.119800329208374
-5.6953019151696935
-35.1403910581721
-9.83232426008908
-1.4522844543971587
-8.948264232603833
-32.40534906431276
-8.672042232145031
-5.28304734651465
-0.8366261720657349
-5.971206098794937
-0.6866342527791858
-4.359249708242714
-12.030450871447101
-13.253096789121628
-17.082881114556585
-2.258743060170673
-3.9650523848831654
-27.399926550104283
-0.9027110343158711
-7.625228380667977
-2.9283785820007324
-13.203505863173632
-21.036312078358606
-3.411312146112323
-18.11213386603049
-1.7582756689371308
-19.248486939744907
-4.020428187213838
-26.42855874961242
-6.728012516745366
-4.598573796451092
-6.3266527673877135
-14.298542506527156
-3.5152805782854557
-1.8150013275444508
-8.292129950830713
-7.871280801467947
-5.168575768126175
-11.92651311505415
-28.254216650151648
-15.33147995301988
-1.1596349473693408
-8.127489082282409
-1.4804705262649804
-4.385704096406698
-1.0663550801109523
-12.498898653313518
-14.308621106927603
-8.356421490607318
-18.246618322329596
-3.024950674182037
-13.175589540041983
-20.515424696641276
-11.42812321940437
-37.709687108173966
-2.653717530105496
-0.6094518438330851
-3.6888139117509127
-3.1452605098020285
-16.466906511748675
-8.232427468756214
-14.91233550128527
-8.68229028814494
-2.314160384470597
-11.898395380645525
-8.514599625952542
-20.20925308438018
-5.112764892146515
-6.060862159123644
-15.948495048098266
-11.65479802415939
-8.388533653342165
-5.651569014735287
-27.765007178990345
-2.246194078208646
-10.535080585977994
-0.009923292323946953
-43.54259498976171
-13.160662129055709
-13.116297290893272
-44.75786873800098
-22.779338366362936
-0.23320496454834938
-0.08738192863529548
-0.06622224516468123
-0.1999825295060873
-1.818356616329993
-0.4958403501659632
-1.8519534014048986
-14.091536862077191
-6.619369017193094
-75.80135895118292
-1.6020288657091442
-11.847807085199747
-38.40028235533828
-9.566429476202757
-1.9589431970962323
-35.358598737238935
-11.827158471103758
-10.143918186426163
-5.143606422236189
-3.040869768243283
-0.8106047024484724
-4.9174893675372005
-0.4578362968750298
-6.561380551429465
-6.3089514506282285
-1.932650069531519
-10.981272682256531
-12.392821061614086
-0.0885092169046402
-3.110374282056
-14.415677230572328
-1.5615292846341617
-17.72361496373196
-2.0868603591807187
-4.544893422164023
-10.228305807948345
-13.385405897628516
-7.772162443230627
-2.6594226295128465
-14.23019093190669
-17.116301270201802
-3.667388306930661
-9.664327844104264
-20.006644325258094
-2.6183574352398864
-3.492446069372818
-9.226369175812579
-13.871377482719254
-3.6951412462512963
-0.14297092634660657
-0.03101904399227351
-0.07961701788008213
-0.02133959496859461
-0.5647349904756993
-17.267283062185015
-3.1424618793535046
-12.992419133963267
-2.024690990219824
-0.020410975441336632
-14.846942839678377
-0.12441424885764718
-0.342599010487902
-1.7820203054870944
-28.091648993024137
-0.16765477416629437
-17.91119127262209
-16.76026468089549
-1.0893105687573552
-0.4590913766878657
-8.21617004275322
-7.740612113120733
-15.284809347409464
-27.069037538894918
-34.33328603836708
-25.62201042083325
-1.083364955149591
-0.4987125042825937
-4.501435745274648
-3.30977173615247
-5.876852534711361
-24.313779805554077
-12.46351260060328
-7.577879905700684
-7.295450251200236
-6.078005596995354
-12.437993601502967
-3.044029764132574
-17.971412184357177
-0.4121663725527469
-3.5647992342710495
-10.033997748163529
-1.5354280714527704
-2.4961316687986255
-2.0029857018962502
-15.263229425472673
-4.6789749363724695
-9.981188979370927
-1.3708561302628368
-9.970158711075783
-1.8068887225381332
-6.7559898143481405
-7.087492955848575
-1.0900766661798116
-0.11067755193289486
-0.030676622816827148
-5.21582901023794
-0.03444834197580349
-27.762694786593784
-5.417272681195755
-24.568412617780268
-6.384743149392307
-22.952725672099405
-0.10522335045970976
-3.76607666167547
-2.167766955739353
-0.269993151538074
-13.016392239136621
-4.037168905138969
-3.7764229538151994
-3.7517491318285465
-31.285757607656706
-0.10920411576807965
-10.373100714758039
-3.5778802798713514
-7.01497192424722
-0.054350217071259976
-0.9285447001457214
-2.3619651794433594
-2.1937674582659383
-2.901498794555664
-0.9087862968444824
-0.11754826905189475
-0.059171599305045675
-1.2569074034690857
-9.914673779625446
-0.48467176919803023
-9.332263014861383
-7.350430229962512
-7.844733275123872
-24.769337542820722
-0.48305721425276715
-8.584067028059508
-9.437388886406552
-15.095610664226115
-24.220224112614233
-8.157453827559948
-23.962491903206683
-21.740405907388777
-11.858580756030278
-2.54150041999128
-4.187799794599414
-27.886358372168615
-5.676884367596358
-34.48834789945977
-14.646183768585615
-23.946952299167606
-5.270925013232045
-1.4263097545481287
-1.2178550462413114
-4.957936904858798
-16.378940931346733
-23.499362443515565
-20.59519182360964
-26.385829424092663
-32.94926600670442
-10.266254507936537
-6.6699135303497314
-6.275041846958629
-3.7945009057875723
-9.701136104089528
-6.567761400772724
-15.862371872877702
-16.68693737106514
-2.643480896949768
-16.400349634233862
-1.4973730394267477
-0.6950966119766235
-13.344854815304643
-13.298636516556144
-1.0037757649988635
-11.638207953288656
-3.8946185157983564
-2.274092393461615
-11.140626746688213
-0.19207136254408397
-3.0700486935675144
-7.60287093725492
-5.049270312942099
-0.1410639401192384
-3.5081048400206782
-0.08171038024011068
-0.07472784964193124
-4.812936555012129
-12.854370564222336
-0.7449367283843458
-1.9287855625152588
-31.27100308855006
-19.687063023273367
-0.31359804200474173
-0.9344373894564342
-48.383214918125304
-7.512049687211402
-0.053710972862972994
-6.698586925631389
-6.003223997657187
-0.024718180764466524
-0.4961576540954411
-2.4599217844661325
-15.953952915442642
-3.7294181268080138
-5.012068099807948
-24.088864471763372
-18.218121504527517
-23.059523024014197
-11.744716115063056
-1.5733980895020068
-5.959409216768108
-9.258147773100063
-18.238104907912202
-0.1414104384894017
-9.686168083600933
-12.05645201425068
-5.106592533593357
-10.290432478883304
-16.375189455924556
-5.126782651675967
-0.14110067384899594
-2.304998944280669
-21.658298972484772
-17.00871988220024
-1.4199507380835712
-2.8138303158339113
-6.933285897135647
-5.063192469999194
-3.102467609453015
-20.75676782971277
-19.25948212190997
-3.4162757396698
-4.710258401373721
-22.21365237905229
-5.993384281289764
-47.34983295749407
-37.01475477190252
-21.571717144921422
-22.8421127256006
-12.88184544723481
-0.3756149783730507
-7.5858623431304295
-3.0617919012729544
-1.4200659936568627
-10.707486552830233
-22.937813792223096
-2.3191748005283443
-23.05909640180471
-0.8479040861129761
-9.066367095365422
-1.2462185295926247
-4.689863340039665
-3.3164907712489367
-4.666469573974609
-1.3014985146000981
-10.465090585872531
-1.8642260669730604
-4.008546471595764
-0.28714590910385596
-4.161500859889202
-6.7084142495587
-1.890837182290852
-2.685775527381338
-3.2864728667773306
-23.428941595368087
-22.874313604668714
-19.26827424543444
-17.500450412742794
-32.98677861230681
-32.717783357948065
-10.6989473161957
-7.4101600255817175
-59.753059168404434
-2.188692331314087
-1.4436471873777919
-19.652657945640385
-1.3013993971981108
-0.8470407715067267
-66.98229687454295
-5.573010801854252
-3.412565393256955
-7.505220212275162
-37.46079154673498
-43.30370402052358
-6.868203205289319
-5.71391684981063
-3.934272412210703
-3.602185746654868
-27.13866452369257
-3.468451438471675
-4.181986567447893
-17.370322072820272
-42.203472905002855
-1.2247237553237937
-7.687869447428966
-0.20286608120659366
-4.097272729879478
-0.6020710468292236
-0.7360143065452576
-13.822296699974686
-4.5637495694099925
-7.201255739317276
-10.430319018661976
-0.5360275786370039
-4.961977916304022
-30.78508294405765
-10.200984687398886
-3.801413074339507
-0.9565218314528465
-0.7247421005740762
-0.9479948536900338
-16.620359264779836
-3.1307209555525333
-1.1685148179531097
-19.468335372308502
-1.6926944684237242
-4.476858854293823
-2.5159570751711726
-2.696839811047539
-0.09943573153577745
-1.3365258206613362
-1.5463632731116377
-38.52332946874958
-0.9070157203823328
-5.245573640335351
-19.368231255793944
-21.51874622539617
-1.9582660752348602
-4.08325930358842
-4.370245933532715
-43.375852558887345
-10.267414927482605
-3.1503524780273438
-3.0521068274974823
-21.774483163142577
-18.962309808921418
-16.482790856156498
-6.22566730750259
-3.7837226390838623
-0.7754740160889924
-4.719316728878766
-4.551353462040424
-0.10105279088020325
-1.2451315688085742
-5.679534941911697
-5.250651049544103
-0.4032351277419366
-0.0374162383377552
-0.7011728945653886
-2.751143708883319
-0.10550753772258759
-0.09869844903005287
-6.292413136223331
-6.631182011216879
-4.407353788614273
-12.383673192404785
-0.1068004349945113
-17.2526022677921
-3.0725227162474766
-8.71316022373503
-64.10975290299393
-1.9924180507659912
-51.80843601331435
-20.927647003438324
-11.724712159484625
-9.72871701270924
-2.111291673669257
-5.2617363124736585
-22.671967776870588
-5.963641697657295
-8.436604484159034
-8.71527633408914
-16.4788376223878
-5.635598444379866
-10.583822813277948
-17.855133947021386
-3.4117404821299715
-1.5691856654975709
-4.61378626152873
-4.59849017246097
-0.5662699490785599
-6.869830231271635
-7.606192660517991
-2.0456551387906075
-5.247559812749387
-5.120779079850763
-2.807321642525494
-1.6803280980093405
-8.986265292856842
-0.943028450012207
-0.6783604472875595
-13.28821911810519
-2.613680839538574
-0.0686746695137117
-9.942293240972504
-0.27236440777778625
-12.656116393296543
-13.24300959019456
-3.138355073882849
-2.563758134841919
-9.63322138895046
-4.496056931093335
-3.7589465373660005
-0.9989451766014099
-11.526007630822278
-21.499067883891257
-4.577708906886983
-7.33891455853518
-1.9986363622629142
-3.9169114976539277
-19.643021068535745
-2.5447149172978243
-1.837967526713328
-13.370121804997325
-8.91616827249527
-0.5154514312744141
-26.15602746931836
-2.1434707641601562
-5.279013299790677
-2.997627068310976
-11.029434524476528
-18.056021759985015
-3.9779971721582115
-2.5807101025711745
-22.365942446816916
-0.5041736121129361
-3.2360115509072784
-1.3333753351325868
-12.855205511674285
-8.232572863809764
-0.39907243475317955
-2.9478908157907426
-20.177094949176535
-0.3474974286946235
-8.628972237838752
-9.174626857653493
-5.297932658344507
-10.634346947073936
-3.3421793904853985
-17.515963539501172
-0.08432386218191823
-3.6123998624971136
-3.7610707310959697
-2.6115028858184814
-2.062845230102539
-2.9209799933305476
-9.755827151238918
-4.762410638737492
-4.500686889921781
-3.833914802642539
-5.559027623079601
-12.04597487859428
-0.6253055802953895
-12.555862668468762
-6.276241876439599
-0.7877217419445515
-1.1060655606197543
-11.677528706328303
-37.042289705597796
-1.1458917515701614
-3.8694511638641416
-28.547719979942485
-4.878726932220161
-8.973380816656572
-0.9580405473243445
-12.231765754009757
-3.9222709633759223
-37.480152200732846
-21.7242696788162
-12.52073513236246
-0.1435891785658896
-0.1535974694415927
-13.153159811228761
-7.265583351254463
-21.57233585427639
-0.9083558148122393
-5.477884442807408
-0.14330248534679413
-3.0265080728079283
-15.306970820241986
-56.40804315881178
-1.5185951094026677
-15.56831487506679
-15.14622858511575
-9.9662637685542
-10.80984188000366
-15.977166423865128
-18.91253329301253
-29.571005504843924
-18.904683056665817
-14.764427002548473
-11.499874872766668
-8.304723348737753
-0.17499522864818573
-1.7851039833039977
-3.149166480929125
-5.876049056649208
-0.912954606115818
-0.5580619312822819
-0.21374016627669334
-8.342229158282862
-7.944447072222829
-3.9456772714911494
-2.2013221979141235
-0.6171548330166843
-1.1946623652474955
-3.4996383525431156
-5.839669910550583
-0.5920563861727715
-0.5316244997084141
-1.5363489587325603
-2.6036397661428055
-0.6600739349305513
-0.14231221040245146
-7.598898292548256
-7.173996287281625
-0.06392735429017193
-13.966750958818011
-3.3751764816697687
-5.885061832610518
-9.139923070346413
-3.8982467811438255
-10.029512572102249
-3.5385597832500935
-36.167029261239804
-0.8759259618927899
-9.54578667044916
-7.938265094519011
-8.77932918164879
-3.024563755840063
-1.2330095767974854
-15.691730087623
-16.53092759451829
-4.665279631022713
-2.2040716288611293
-0.11040210409191786
-0.13484240183606744
-5.493177041877061
-21.348029216052964
-1.8971470785327256
-0.5046440362930298
-8.397472716402262
-3.7527242712676525
-4.29512285302917
-1.59657859406434
-14.178128775558434
-16.31858263129834
-6.615970529615879
-1.3238269090652466
-0.6960395127534866
-1.2536093592643738
-11.581640138742841
-2.8701979530251265
-0.3584141845567501
-0.3621130511164665
-10.257973337545991
-8.541737298481166
-0.2038937727920711
-0.18072125827893615
-1.1169636622071266
-0.6111624278128147
-2.7483905777389737
-0.7625486692413688
-5.944164215354249
-0.2668146351352334
-0.02089756540954113
-0.5804027651756769
-1.4695074266310257
-10.469335356181546
-5.683344923774712
-8.112267857417464
-8.05804573558271
-9.215162472683005
-0.2364194793626666
-2.109256460418692
-1.291236672004743
-1.429713606437872
-6.266105174872791
-17.94197903946042
-11.209603071212769
-0.6598766893148422
-5.16377567148993
-21.985290574621104
-3.550031427294016
-9.653346011415124
-1.8353838832117617
-2.493643509747926
-0.6950966119766235
-4.621239224870806
-5.198777314275503
-10.03450443960628
-0.3098818705184385
-1.5600059777498245
-1.4297877766221063
-3.6386892817390617
-1.3818536065518856
-1.0654447618871927
-15.635287425946444
-3.3157411509600934
-0.0299402866512537
-1.7698846210732881
-0.09120148501824588
-0.03451999294338748
-0.07684912683907896
-0.015513097518123686
-1.283620817877818
-8.394331131828949
-4.78347915422637
-11.860877261380665
-1.283361221983796
-0.9222894310951233
-0.9461905625648797
-13.4741027529235
-0.0849648118019104
-8.478011368773878
-2.501683123060502
-2.482840556651354
-5.641405600572398
-0.8044861152011435
-2.9350205063819885
-0.3236936535904533
-13.755936868023127
-6.513747026358033
-0.07961229736974929
-5.105498048373192
-6.455120534519665
-1.1270491696050158
-6.933406705094967
-26.094305773978704
-6.942869085352868
-9.565945327281952
-5.276318852324039
-3.51949143409729
-2.206450216472149
-8.339203117546276
-4.313596748164855
-1.7204024721868336
-0.5254147239975282
-0.17151365149766207
-1.6382324881851673
-8.569539785385132
-1.1516352593898773
-5.111718982458115
-3.2870116075500846
-3.391007390455343
-3.368283875959605
-2.843552156817168
-0.7784607131034136
-14.60142072335293
-5.916574357019272
-1.4420231906697154
-1.421781698387349
-4.549709321639966
-8.677583685464924
-2.14327286160551
-2.700190531089902
-1.091623641550541
-1.0876490101218224
-2.6387579123620526
-7.927584746419598
-7.292945114546455
-3.3728601038455963
-48.84929182670021
-37.52030527940224
-8.756417416036129
-6.195911684946623
-4.918004843988456
-0.6111624985933304
-5.228022640556446
-18.836186028202064
-5.185060817748308
-0.1384176077262964
-9.121910613233922
-10.524914532899857
-0.33024927019141614
-2.2344764824956656
-0.08682220421360398
-7.251434726036678
-6.948472160496749
-0.08986587077379227
-12.069583046337357
-6.948773849755526
-10.054346916964278
-6.1446536891162395
-1.0778400264680386
-6.544117963611825
-4.882827140390873
-2.4220612347126007
-3.4621481895446777
-4.340630340157077
-2.2709325924515724
-13.994149826699868
-7.476889966239469
-15.187681616051123
-1.221244407177437
-0.6111624985933304
-4.713502257494838
-4.166878043208271
-0.24959983443841338
-0.34997551422566175
-5.060534467556863
-4.359395252307877
-0.10288491216488183
-11.450401677750051
-5.928222976566758
-0.20994268002687022
-14.583390381769277
-0.6758980751037598
-2.166320225223899
-0.09444985841400921
-3.5076752728782594
-0.6111626140773296
-8.384871792281047
-8.91769403417129
-6.057820113375783
-14.00339677464217
-15.013044844250544
-1.2847557291388512
-1.242856535478495
-0.4845617050305009
-3.61892765549419
-3.1519888294060365
-14.346374510409078
-17.150424897026824
-7.8308239771431545
-1.6577636776492
-11.22018035990186
-6.6941509884782135
-0.6232698584790342
-0.5868603447452188
-0.09955143183469772
-33.702120851427026
-6.2127189906314015
-7.0556100761459675
-7.044300852459855
-10.096130430125413
-7.694747278466821
-19.82197121769059
-29.201850266836118
-3.248170107603073
-0.7606146433172398
-5.714449351653457
-7.170997633773368
-1.1816054740920663
-13.297623301739804
-9.520861758115643
-0.8490448598749936
-0.27795004134532064
-2.180623516673222
-2.0398232197621837
-3.4754589619114995
-8.519513130537234
-3.0505564378690906
-22.841047856025398
-4.334891986392904
-5.234594390305574
-0.5696996932383627
-6.16804757429054
-9.90917737444397
-4.829391853170819
-2.0167598521802574
-9.333525758236647
-0.03234743494340364
-7.999373835511506
-3.1383337317965925
-10.17832096409984
-29.25429620355135
-8.430080099955376
-0.4281253452099918
-9.638108930317685
-7.915821517966833
-7.107750717113959
-0.7205293774604797
-6.717687946103979
-1.1788697391748428
-0.1471010977984406
-2.4006524085998535
-12.353080530469015
-8.426589434573543
-0.8989690226153471
-2.9936457795811293
-4.484848607331514
-2.1405569359194487
-4.960923395716236
-10.354832412725955
-2.234640993643552
-19.41604199016001
-5.110198847483844
-9.785503511890056
-11.128136295825243
-3.797619967488572
-5.956947129248874
-3.7369392621949373
-7.307834732846459
-0.3949192402942572
-12.730347693971453
-10.217168933486391
-0.13582463705097325
-2.6261847832938656
-12.466554211685434
-11.446716837002896
-1.8993019950867165
-6.205183930273051
-9.181605683585076
-10.382913671270217
-16.176552987657487
-8.252627741545439
-3.3141648531891406
-1.9950051307678223
-0.2538109504264412
-12.493517616869212
-10.961025307518867
-1.068749189376831
-1.0663777589797974
-2.1755212452844717
-10.112522338393319
-3.0935297013493255
-6.276933324988931
-12.133679759688675
-13.116307258605957
-3.069538540163194
-15.409315503318794
-2.7581899436190724
-0.1757541000843048
-1.2123439311981201
-9.207071150041884
-1.2255799770355225
-1.198398470878601
-6.2165927910245955
-11.962560948410555
-33.430073969298974
-0.1494636345159961
-0.821442466636654
-4.4735380728161545
-46.67673959884996
-9.376750437775627
-11.795394581582514
-6.178626636159606
-12.004501936593442
-10.448519135534298
-25.94421236494236
-16.16061909675409
-3.212900381116924
-2.930049519130989
-5.699579472129699
-13.245644362024905
-12.521010427968577
-2.5717470615636557
-5.59244909586414
-6.175160829327069
-3.386035664996598
-26.014822501689196
-4.624786794185638
-0.6950966119766235
-18.828520998398744
-22.06988930609441
-0.7102224819827825
-5.635035514831543
-0.9780420484021306
-0.8451807754172478
-0.05398321588290855
-12.901375500907307
-10.701289206073852
-6.737032316452314
-23.874974063826812
-0.7796019911766052
-2.8490133597515523
-3.2636791816184996
-9.296102267333481
-0.10676416402930045
-10.398076973568095
-0.3903751210309565
-8.560889601707458
-37.54511171276681
-0.2392308353446424
-6.86778374973801
-1.6802416113205254
-3.4828671108261915
-10.329896710813046
-8.338908918318339
-4.507340766460402
-11.119400096911704
-6.387124579428928
-3.8255916730267927
-2.6481588252208894
-8.22258995193988
-20.216988257772755
-0.0929779225261882
-20.8406916066524
-0.5823717005550861
-40.007901057819254
-0.15072723269440758
-6.00629997253418
-2.955043342079989
-4.1918131075799465
-13.95089908502996
-1.9064908276777714
-1.831070938234916
-7.179118290543556
-8.847667885711417
-1.9878478788305074
-0.6111627742648125
-10.168769346062618
-3.4373440951749217
-0.4123380237724632
-9.384451516649278
-2.2044022127520293
-3.1296225958503783
-22.61603020219991
-16.878606922779
-28.814664540463127
-0.25757723871356575
-3.133975349366665
-8.202048907420249
-5.935647974722087
-2.8500322503969073
-15.777736244897824
-13.072040908038616
-1.414351905696094
-6.679532242123969
-9.826992992253508
-0.9507030805107206
-7.749456830060808
-7.402282354225463
-2.7142754197120667
-3.637201388599351
-5.213860127609223
-13.390625293177436
-4.804543626960367
-0.31962275225669146
-1.0011839166254504
-4.236636741203256
-0.08265467220917344
-2.571641633287072
-20.00527089346724
-13.9451416520169
-11.881390024442226
-7.058079309932509
-5.191560411394676
-0.034588772803545
-6.77143844566308
-1.6998207430006005
-0.04019462317228317
-5.595526555727702
-4.700037114918814
-6.269229088793509
-0.5553930009482428
-2.548005277320044
-3.884388707578182
-2.754152863912168
-24.10065124317771
-0.5741627020615852
-2.7487707938998938
-0.7891268134117126
-12.723747513213311
-20.845383406616747
-6.139446914196014
-13.660308142658323
-4.015101802069694
-5.38180477253627
-0.5779416561126709
-1.8713631629943848
-2.3584036827087402
-2.467357635498047
-0.5736417099833488
-2.824453863722738
-3.0134148597717285
-8.612153859459795
-2.341226816177368
-10.370441700331867
-1.4735137224197388
-4.3611124092713
-10.66642036754638
-15.93557358009275
-4.824923141975887
-3.4809502807911485
-0.03485093223207514
-0.15402897592866793
-0.10827898816205561
-45.23417886218522
-2.917530156672001
-0.07084293849766254
-7.346249421963876
-5.762678427505307
-14.687589055814897
-1.9377194344997406
-8.78389801551748
-8.178382215090096
-15.440587840043008
-6.075980231165886
-2.2291800044476986
-12.796480675111525
-3.475259780883789
-4.446986967057455
-5.626288877101615
-10.747855212539434
-0.6950966119766235
-19.933617022070393
-1.3025842821080005
-3.503384951603948
-2.7612877134233713
-18.008879926986992
-6.540000382768994
-1.0011134147644043
-22.584456827069516
-0.41288499120855704
-0.176504984498024
-31.085560054460075
-0.8857583105564117
-22.744964049663395
-19.402209257641516
-10.724687710404396
-4.168057120565209
-8.227267523234332
-5.523576348263305
-1.514892540872097
-13.840811299964571
-0.4312352533452213
-1.702040433883667
-0.619126045377925
-11.99310053512454
-2.570751531748101
-1.487825833261013
-16.24114473012014
-0.9873984413898143
-5.303245434130076
-11.212346873428032
-16.028541643172503
-7.815902255475521
-23.300751452283293
-1.3109999126754701
-0.17107771802693605
-1.2214796543121338
-0.3655172288417816
-1.299574851989746
-1.8019057512283325
-5.5448030961906625
-2.8975165149895474
-0.11812324496349902
-12.620405014255084
-31.94431753596291
-1.628857970237732
-5.2235310886158
-9.207903132890351
-1.666003942489624
-5.276835502474569
-0.07331606441402982
-0.017060613143257797
-0.05463053233688697
-0.01688404387095943
-10.216049877679325
-8.32270948018413
-0.6950963735580444
-39.98380519001512
-11.9107731920667
-0.3819921383401379
-13.947136595845222
-0.47540574028971605
-2.3493203648831695
-0.21851862322364468
-6.872035415843129
-4.407745259813964
-7.657654708251357
-2.625542872934602
-0.6767052439172403
-0.0995720070641255
-0.7336563267745078
-12.199224780462828
-2.9814242236316204
-0.7205728078261018
-0.18723662942647934
-8.040743415243924
-7.27624891535379
-5.5920701692812145
-7.293929907493293
-2.424764597788453
-1.9498361041769385
-6.5388930616900325
-4.740106275770813
-9.4092948846519
-17.381839255336672
-0.05810380354523659
-20.422148094512522
-3.596857955213636
-4.760910284530837
-0.4895674901199527
-0.8347485139966011
-2.94915933907032
-6.527312974445522
-5.69156519533135
-7.267995840869844
-14.817939225584269
-10.553789858153323
-3.640623079612851
-11.055669054618193
-14.046576659195125
-13.402088929200545
-9.347114671334566
-1.55954110622406
-0.5831393599510193
-2.298755168914795
-3.3215185939334333
-14.943027233239263
-9.379972727940185
-5.199582533095963
-0.5589626431465149
-1.5613038146275358
-5.213721545153021
-3.790056839294266
-0.8939189910888672
-51.41151941992575
-10.37880538823083
-2.1734499111771584
-4.598920822143555
-0.06941152295621578
-5.586257338523865
-2.978930883567955
-4.543370466679335
-0.10091290110722184
-76.87463768325688
-12.949539737091982
-2.06925231628702
-0.590960931906011
-10.645586212500348
-45.210120518364874
-14.906727694440633
-18.222680399940145
-0.038868292949700844
-8.575903641991317
-15.536336964840302
-2.439525466877967
-0.20798940118402243
-9.318350570159964
-20.03145519620739
-0.7898657425685087
-22.374495420346648
-10.798522530880291
-10.276167558680754
-0.2335984855890274
-13.67305419180775
-2.524153978418326
-0.46158841979922727
-1.8811261653900146
-6.9407150857150555
-6.422297018114477
-0.2603534467634745
-2.6447418527677655
-0.42217899835668504
-36.0747159640523
-0.6353452108523925
-2.1961243781261146
-9.776967193942255
-3.333846568595618
-32.52841275723631
-0.1269189313534298
-8.245496186056698
-8.180143919424154
-17.26369878067635
-4.057586144655943
-1.7376124570146203
-0.3246871649316745
-2.9438937457452994
-1.1508911490964238
-0.15643287811690243
-0.16288511059246957
-0.7377000264823437
-3.963275470305234
-3.158271367108682
-12.227274154312909
-5.872698055580258
-12.700014936446678
-4.295780658721924
-3.398412416805513
-6.148688464192674
-3.9677060326503124
-0.9208903443068266
-6.086350580939325
-0.751655951840803
-16.85770079220697
-16.791227712539694
-13.363083164837008
-27.43739352043849
-13.163573073310545
-19.963467403373215
-0.043165441893506795
-4.266969652896478
-7.2126288414001465
-7.625082038342953
-10.925810736924177
-1.4812994927633554
-17.690067935734987
-1.3046427267836407
-2.814924301870633
-0.2397887216993695
-1.770784478430869
-0.6059078872203827
-18.872149761853507
-0.16632827278226614
-6.725932605564594
-3.6070677915995475
-1.9858009926974773
-0.2640860825777054
-0.4674873191397637
-4.070525724207982
-0.1357784748543054
-1.4184208437800407
-5.614416182972491
-0.5616204736434156
-9.022694543702528
-9.421530147083104
-1.2223907321458682
-0.9088829007814638
-39.89622106208117
-11.74578541336814
-11.388455474865623
-6.520170884206891
-4.250490440841531
-2.1659328937530518
-12.581191139761358
-11.907530271040741
-7.357989072799683
-11.053117841482162
-2.478356286534108
-1.7923268927261233
-1.819934339611791
-0.6411892771720886
-36.508920875319745
-7.025626001879573
-5.071651311591268
-22.945508473785594
-0.5385425812200992
-9.588531049870653
-2.0567161169674364
-25.268482254108676
-2.3751212385104736
-13.079128077748464
-10.058658879745053
-0.9402523096650839
-2.6179929872741923
-2.8898391723632812
-1.2785176932811737
-2.800858534872532
-1.8509881529025733
-6.1273478583898395
-2.983753800392151
-2.6377016054830165
-11.464021131396294
-1.0583415750625136
-4.784189462661743
-4.712334513664246
-3.8659257385879755
-8.653009076415401
-17.917050332285726
-2.0350735465763137
-3.950522392988205
-18.089285762049258
-6.69201086089015
-9.618153925985098
-1.6938306158408523
-2.9120998783109826
-0.15289882212528028
-16.37739113123098
-0.5732469886424951
-23.171361517976038
-1.7530533429453499
-3.4920110761231626
-5.893593474291265
-0.1411676763345895
-0.05126354470849037
-2.5848564640036784
-1.1335124969482422
-4.46005685577984
-7.29502481315285
-3.858644477557391
-9.084577516594436
-4.387409781105816
-2.808105974458158
-0.6423701178282499
-1.0809153020381927
-0.13987239794823836
-3.593755066394806
-0.611162543296814
-7.248734616339789
-2.8100091305022943
-19.257418680004776
-2.9795086714439094
-14.842193848337047
-3.189972643740475
-7.886449139565229
-10.128054593224078
-6.096001861500554
-2.3253952097147703
-0.15435251565941144
-0.7025205492973328
-1.2819404155015945
-2.2014242341392674
-5.023293741804082
-10.144186375691788
-1.2127583380788565
-6.59185072852415
-1.2742902608588338
-0.32241710588277783
-0.9548591133207083
-1.176516953855753
-22.84908064454794
-15.16885598085355
-1.0348147647455335
-2.7647279612720013
-1.9528879094868898
-1.8825118343811482
-2.5243512131273746
-0.8044685125350952
-12.700488737085834
-0.14424376594251953
-2.713689787880867
-2.6678747865371406
-14.6611128593795
-8.20065499888733
-1.6282334318384528
-11.567153015173972
-6.489998150267638
-0.7545834667980671
-33.68347219051793
-0.8226879357025609
-2.566479570697993
-5.923793767346069
-25.891191488015465
-0.19636677420930937
-5.056540608871728
-32.31051974415277
-10.467446887327242
-2.9927790514193475
-13.18325832101982
-24.445163979951758
-51.58618901268346
-30.41933390270424
-18.50343633396551
-46.45376528095585
-44.127895451187214
-0.6034021037630737
-8.482432910357602
-2.2064497470855713
-4.995080276163208
-26.117549209855497
-16.106995483394712
-0.5437027663647314
-5.062009305314859
-0.4642012390449963
-10.431337060173973
-0.5659435479901731
-18.234323625685647
-26.519566917893826
-0.1379908790695481
-0.6036633742378399
-5.67476749420166
-7.045175075531006
-4.4203386306762695
-0.13115168060176075
-7.485189819242805
-18.410552264889702
-6.896274143480696
-0.0674710177408997
-0.43813739819597686
-6.360975087524821
-4.7971493056975305
-17.342337649562978
-0.7659700848162174
-10.272569000779185
-0.11365260576712899
-14.85223040949495
-8.053573546669213
-3.478327960241586
-1.684396767639555
-7.1626245632214705
-2.657717456575483
-2.6856507514603436
-20.781601394985046
-0.12429455280653201
-4.962717418558896
-3.6603573956526816
-3.932897568003682
-7.442747841449091
-23.944568526698276
-12.121291002622456
-1.9455208778381348
-1.8896366357803345
-1.650413155555725
-2.1690246525104158
-5.222140890546143
-4.462592501600739
-15.58632893790491
-10.90751854958944
-5.2821529483480845
-2.8509000341873616
-3.7699588257819414
-1.1860830634832382
-9.582200137025211
-9.705086561385542
-0.663094669340353
-0.855327082623262
-10.101331201876746
-4.299551456439076
-4.910794915980659
-1.082864910364151
-1.9920912086963654
-1.1870871922001243
-1.9843650446273386
-3.9624560974989436
-6.0325012151151896
-2.865411636303179
-0.6111627258360386
-17.801362516824156
-3.3919831193052232
-7.265412446111441
-16.632941489951918
-5.946171034127474
-2.355019194073975
-10.247659071814269
-2.3597458386793733
-1.1349281389266253
-5.11692924099043
-4.0802998542785645
-7.205821428357012
-1.7652086984089692
-7.202940104980371
-20.84707851629355
-1.0483012041077018
-2.8026837604529646
-0.6111624278128147
-20.217057580754044
-6.492999891284853
-0.8104587718844414
-1.5299630392255494
-7.302539795637131
-0.11691265357512748
-0.02540813002269715
-2.1828184220939875
-3.9507827147317585
-2.9952956647612154
-5.942566303536296
-5.00337141752243
-0.5927248189691454
-8.830104649066925
-1.604904343977978
-18.50196913781474
-0.3708907811160316
-0.2443316814606078
-3.650280090048909
-1.679835214628838
-1.7961964944952342
-1.2308109330479056
-8.831895894152694
-5.378047950100154
-1.147713326383382
-22.10274496488273
-2.231361096866749
-3.0785259261829196
-1.3389482642523944
-6.224010968580842
-0.21054634402389638
-2.567519566446208
-0.12807977432385087
-24.127584305824712
-11.562551949173212
-17.67165942909196
-4.0421568804304115
-1.8734387210570276
-0.9893105870578438
-0.49781514462665655
-2.1919195337977726
-20.30873464141041
-6.243096057751245
-0.05311871449521277
-1.7067125525009033
-1.567866563796997
-2.6631720320801833
-1.1160253286361694
-0.4343512952327728
-1.427159070968628
-17.135722614388214
-2.429185390472412
-8.752281156252138
-3.1868739261990413
-27.80455884632829
-3.276686605429859
-7.287498761856114
-1.3267414569854736
-4.324717292911373
-1.8856306177913211
-3.5665189161954913
-1.6576513051986694
-7.529179179109633
-0.9885261338422424
-6.5377551997517
-0.5791907216771506
-7.405916690826416
-2.568314405347337
-6.584166401415132
-9.848318227566779
-5.6718387277796865
-2.4475115635141265
-0.6111627258360386
-9.617970549035817
-12.534249354153872
-1.0666623283177614
-1.7656786543157068
-0.8560823372099549
-12.28117401083955
-5.558453352074139
-9.050685286521912
-6.302620068192482
-2.6653376288049913
-31.11315276660025
-4.889640091452748
-9.541001993289683
-7.0509087124228245
-12.936684149084613
-3.4158489261753857
-4.859452657401562
-10.6997970820521
-13.76942921664886
-0.4191909252440382
-0.8998838719562627
-9.565613365266472
-3.0818847470509354
-7.316068951738998
-1.8971985816024244
-19.963597686684807
-2.670106992125511
-1.9330713137460407
-79.67294087013215
-0.3000926999957301
-4.692100800573826
-0.32352256774902344
-4.386150296777487
-2.6754417619667947
-0.7700007557868958
-1.3457280767033808
-2.493090314053916
-5.232169236987829
-3.500045913271606
-0.5163149163126945
-23.011331035057083
-0.13775423623155802
-2.694841981807258
-3.0288977390591754
-1.0698209723632317
-2.83261631843925
-8.259700939059258
-6.505009692162275
-1.3421817738562822
-7.397306390106678
-5.286168379359879
-2.0900342960376292
-14.559773946632049
-5.003177037258865
-0.7618546696176054
-0.9715790082700551
-17.548725454274972
-9.132631689310074
-5.819038388814079
-1.9735937174409628
-5.157920992300205
-4.516379586420953
-11.933504214001005
-2.5079232108055294
-9.299253285731538
-6.036140596494079
-1.9370633363723755
-3.9543085489422083
-5.167135694617173
-9.681860496290028
-8.313221000977137
-18.391655573970638
-7.884867199536529
-4.11498761177063
-2.0561135932803154
-0.611162543296814
-13.201003457070328
-14.260944391862722
-3.639071363955736
-0.07071582619391847
-2.15485473908484
-0.6657689313287847
-0.6835577746387571
-9.998803805559874
-17.58167889714241
-0.2484970409423113
-0.04792237374931574
-0.043766539776697755
-0.08852785155704623
-0.1339581902811915
-7.466221809387207
-2.9703016858547926
-18.05030352412723
-2.0097956436075037
-4.349485397338867
-0.25031474186107516
-10.043263870771625
-2.523184858262539
-0.6491492195054889
-4.850089509040117
-1.9220957921352237
-4.745388453768101
-1.7756876210405608
-6.7975928171072155
-0.1480385433533229
-2.037624314427376
-1.9205080587416887
-0.7583723033312708
-9.369363747537136
-3.3483282173983753
-9.341465871395485
-10.363511857576668
-0.4973555255255633
-7.331873159855604
-0.8189539816230536
-3.5134297497570515
-4.525925647467375
-3.589240009896457
-2.6067635347135365
-19.6592965177515
-0.6299574747681618
-2.0309942013118416
-3.1794904693961143
-8.649298954420374
-43.45433614983631
-3.2935132512611744
-1.1563420644961298
-5.286172221938614
-6.182352066040039
-0.7768573244102299
-8.240936875343323
-0.06761041437857784
-0.671673676231876
-17.281620771158487
-3.1604857221245766
-5.142947914078832
-1.3665909086685133
-11.991163514438085
-10.465221901575205
-11.651454015174295
-9.67518401145935
-8.792513285337009
-1.123467471166805
-0.1761615751311183
-8.041482968255877
-2.2064142199233174
-7.241281825714395
-10.281692454071163
-8.86833837418817
-13.298443511310325
-1.577261019963771
-0.34022382595867384
-11.35115903665428
-2.59991662891116
-2.1823314807843417
-0.021216585068032146
-2.436319363565417
-4.296220724238083
-4.363364685326815
-0.16877785154611047
-3.039062245739842
-7.215875654780575
-14.210944952443242
-2.201455547226942
-0.8902758473122958
-6.54098285814689
-1.9008145129773766
-1.0836236570612527
-9.753035040303075
-7.632780843723594
-1.6480576992034912
-6.112366281915456
-3.530022546183318
-1.9309836696229468
-3.7570857175451238
-8.384381942509208
-3.0316391199594364
-14.03582141106017
-1.4561489866464399
-11.949984401930124
-6.608188980113482
-1.6041887338797096
-0.10004693909286289
-0.8404991978313774
-0.13327384516378515
-1.2110389507724904
-3.7744218707084656
-8.789970986545086
-4.385023034659753
-32.459826481179334
-1.9587542756416951
-5.4993829659615585
-8.978176700184122
-16.611434574471787
-12.859131861630885
-3.5212558303028345
-0.9570268697571009
-18.054830440987644
-0.1516263117082417
-8.620060268847737
-1.133929116278523
-6.357171486131847
-17.61190090002492
-15.56810567714274
-4.371657746843994
-3.7961500445380807
-7.961056008003652
-2.4560569984314498
-5.914410767978552
-11.082804288918851
-13.827124200368416
-0.30722337200131733
-0.04690556414425373
-7.212705086916685
-1.024948996375315
-1.5207861018861877
-18.64110728315063
-21.301260922817164
-10.444964876282029
-9.931989774107933
-8.553748689591885
-0.5903839759994298
-0.15815277147703455
-0.08909595012664795
-24.48343290016055
-1.2945124147227034
-7.9398216647678055
-2.007654018700123
-4.676697187300306
-0.2421560470102122
-0.8543401244096458
-0.22515786059375387
-2.710439532995224
-13.538191700790776
-5.8219526736065745
-0.5574867733521387
-6.4750285991467535
-10.168235715245828
-9.23788299690932
-5.772191166877747
-2.230995089139469
-4.6520814397372305
-3.1712315157055855
-5.884994398802519
-1.9591706129722297
-12.78515302494634
-1.3762631966965273
-6.529674157500267
-18.036758709084097
-0.29635458151460625
-5.388850545212335
-1.5664273141883314
-20.498191259801388
-3.2280473607606837
-15.46963290288113
-0.24294355046004057
-2.2485527992248535
-10.07611958454072
-0.2655352558649611
-12.336487254646727
-2.033143070526421
-0.16774577544492786
-0.11150695726610138
-0.1145729050040245
-0.6846792101860046
-1.113964557647705
-0.024273814633488655
-9.96512576576788
-0.4869030106929131
-8.116155774332583
-1.7206252440810204
-4.431372512131929
-21.55895729130134
-2.1740083663607948
-0.07700510368158575
-4.447006603382761
-21.73498492653016
-3.8793171644210815
-0.16354314975615125
-4.2073402856476605
-6.202973544597626
-5.584028797689825
-5.342216003860813
-5.258343378081918
-3.3680120609351434
-5.143801014870405
-11.646562609181274
-1.3944817180672544
-3.6349604043207364
-5.849577680230141
-28.540955059230328
-13.078762262306554
-7.488086789380759
-0.45023304782807827
-1.7732520658755675
-13.808156180763035
-1.433409697143361
-6.345078441050646
-26.532915892435994
-6.7771029779432865
-6.631543515140947
-3.1161385963860084
-0.12522415655257646
-0.6760003849835812
-10.276095700599399
-10.678653743118048
-7.887587036704645
-7.046702471656317
-3.9338018391281366
-7.220712409529369
-9.72907857177779
-6.262813708279282
-1.4235444880687282
-54.21604725842735
-12.45039080485003
-9.47690847152262
-2.070324420928955
-7.789666907861829
-11.579304076731205
-19.289859888202045
-18.623132606735453
-0.36306165486894315
-16.441402358766936
-14.578969985726872
-21.50569201118924
-16.15753050602507
-2.0671914423728595
-17.95041296974523
-22.804147679533344
-6.47231006869697
-22.461989302944858
-15.09874524139741
-5.009578227996826
-10.16451691839029
-3.444250949367415
-4.584854938664648
-3.804590436258877
-6.456327572930604
-7.562736156389292
-20.3320342835068
-4.889773524623365
-18.726847987272777
-2.666174711604981
-0.07465510515157803
-0.03658426587935537
-0.12387146533001214
-0.024769528419710696
-0.5002924678847194
-1.5933140270644799
-9.195992319844663
-1.7620424725027988
-2.1587774753570557
-9.864007181779016
-0.6864665821558447
-0.2290490446612239
-7.809666965607903
-14.700935083325021
-22.352360574204795
-0.09823333423264557
-5.355567474558484
-29.059284284710884
-3.710052539696335
-6.20876047963975
-11.080550841608783
-0.15294858966080938
-6.875131342560053
-3.6096900701522827
-5.4145675339968875
-0.17429657658794895
-6.791029300540686
-8.722041854111012
-4.992987149395049
-3.0448888540267944
-6.350585681386292
-0.22687669361766893
-0.7499188259243965
-5.750531820522156
-5.521088355686516
-1.8252852596342564
-8.540788375772536
-20.421651674667373
-9.977154418826103
-4.7936484115198255
-8.223120300099254
-7.912783377803862
-2.5407636913005263
-0.8064574599266052
-4.074993513524532
-36.71232778358535
-0.7405858392594382
-5.865995186963119
-2.4526962963864207
-8.569675927166827
-9.706805825739139
-3.4202672630854067
-7.918016945506679
-6.824998104013503
-5.2993051540106535
-3.2378661930561066
-0.8755240436294116
-2.219444728223607
-10.338757346675266
-6.2279806807637215
-7.871180112473667
-4.761679213494062
-0.3281579677714035
-26.977949751453707
-2.2534264968708158
-24.637990306480788
-0.6199904778113705
-0.6225474532693624
-1.3479334618896246
-2.5012126865331084
-18.05785668164026
-32.557656746241264
-2.426603317260742
-1.8286421298980713
-12.664165050839074
-10.083907520398498
-14.482906022807583
-4.235213398933411
-30.080979712947737
-7.106069570523687
-12.226454717150773
-0.23163913749158382
-0.700892623513937
-4.264114958408754
-10.35792282386683
-10.725851538591087
-1.4875181581810466
-10.722071649273857
-0.9036870002746582
-10.383347695244083
-6.54795230331365
-0.12169006041949615
-10.559621332834013
-2.1694994857534766
-7.2159906855085865
-6.402831951447297
-1.825266921427101
-4.708751627806123
-7.847365798428655
-10.331367190927267
-15.964034673874266
-0.5173392682045233
-0.03574411519730347
-9.949781954288483
-0.41841165350615483
-0.8019366161897779
-0.23885161261932808
-0.6111624278128147
-3.4161845406051725
-1.8875044752494432
-0.13638837821781635
-0.8762000234564766
-2.6197630274109542
-1.03583824634552
-0.27151825930923223
-0.5678578615188599
-13.15083722549025
-9.319141327061516
-2.821571620879695
-0.20076465513557196
-2.1921950625255704
-0.3630439637345262
-8.447459975956008
-0.10773035313468426
-1.9264203729107976
-0.040078592512145406
-0.40483310929266736
-0.029972917458508164
-8.263434267602861
-4.661197444656864
-1.958620437348145
-0.5285360217094421
-1.324702949677885
-1.3185398757923394
-2.9504908525559586
-14.159841979853809
-0.5928829153999686
-3.177018650516402
-5.998084895312786
-3.9710253884550184
-0.1281361347064376
-2.0680972496047616
-5.082050305092707
-20.406169798225164
-14.480667654890567
-5.5748578785860445
-0.1564235314835969
-0.03591478581074625
-5.337372733978555
-0.020032451720908284
-5.6880152225494385
-6.657988948212733
-7.048893544144448
-2.2534024715423584
-6.981560810105293
-7.118530586361885
-4.009328279491456
-0.12886882096245245
-0.022977213258855045
-6.552950735669583
-0.02295515243895352
-10.369035657000495
-5.347667932510376
-3.2407082617282867
-2.6805145060643554
-3.4766738124890253
-3.599697245939751
-3.017321761471976
-5.338241653516889
-0.47744649328524247
-0.604509036464151
-2.239349275827408
-0.8066098690032959
-2.7219701455906034
-0.055080171674489975
-3.380568233144004
-0.6111626140773296
-12.320985467817081
-0.47390148183330894
-0.474427214008756
-8.112299791362602
-7.8241648762486875
-2.3639979865401983
-1.4811177823066828
-10.726814922410995
-0.3433158978878055
-10.817028340534307
-1.8441535447491333
-3.24507999420166
-2.6125948913395405
-8.161390404216945
-5.8816046714782715
-2.7604479789733887
-6.292120691388845
-0.157063826918602
-5.198573209345341
-5.140637665987015
-1.3341711313114502
-0.44440627098083496
-4.27772043976438
-1.501225909045388
-1.1070095235481858
-10.711434522643685
-2.0889875781722367
-4.321078792214394
-1.9641431337222457
-12.192825727164745
-10.460762593895197
-1.9414153615944088
-0.8956973552703857
-0.8657242340286757
-9.211441351217218
-10.585938288713805
-15.830317314708736
-8.460658980591688
-6.419855213607661
-7.913669861736707
-6.265586286783218
-9.836443454027176
-1.1860827058553696
-3.6994980309682433
-2.3145502312108874
-3.0761318504810333
-0.5098499220330268
-1.1547508606454358
-21.054925915435888
-0.14858931861817837
-14.847057713195682
-0.8334519572090358
-2.980505932820961
-0.998865929141175
-2.7343169897794724
-1.0272225348744541
-8.507368770835456
-0.28179531544446945
-4.598920941352844
-9.939702299394412
-2.5181531254202127
-9.99850996909663
-1.3903308287917753
-9.21713437737526
-4.1487258390989155
-0.950188844173681
-4.625206791621167
-1.4742042847792618
-3.076835630025016
-10.732984507922083
-0.651428347453475
-20.72386311646551
